#Timestamp,Adds,Deletes,Queries
1608252461,3124860,0,0
1608252482,0,0,1
1608254245,517,211,0
1608254971,0,0,1
1608258033,0,0,1
1608258201,0,0,1
1608258201,0,0,1
1608258606,0,0,1
1608259759,166,17,0
1608260401,0,0,1
1608261047,1119,186,0
1608265638,1138,182,0
1608267614,413,321,0
1608269422,423,196,0
1608271228,243,67,0
1608272608,0,0,1
1608272762,0,0,1
1608272841,0,0,1
1608273009,327,109,0
1608273438,0,0,1
1608305354,4767,3057,0
1608305674,0,0,1
1608305927,0,0,1
1608307173,188,30,0
1608309003,347,25,0
1608313207,449,897,0
1608313295,0,0,1
1608313675,0,0,1
1608314554,0,0,1
1608314990,310,315,0
1608316781,202,23,0
1608319029,494,63,0
1608340378,0,0,1
1608350633,4025,1779,0
1608352655,245,63,0
1608354564,0,0,1
1608354642,0,0,1
1608354725,0,0,1
1608355013,0,0,1
1608355208,0,0,1
1608355254,295,42,0
1608355266,0,0,1
1608357049,182,21,0
1608357207,0,0,1
1608392298,3643,1921,0
1608392484,0,0,1
1608392561,0,0,1
1608392847,0,0,1
1608392847,0,0,1
1608392848,0,0,1
1608393142,0,0,1
1608393369,0,0,1
1608393723,0,0,1
1608393763,0,0,1
1608393946,0,0,1
1608394080,227,44,0
1608394177,0,0,1
1608394334,0,0,1
1608394457,0,0,1
1608394511,0,0,1
1608394643,0,0,1
1608395012,0,0,1
1608395461,0,0,1
1608395919,189,36,0
1608396006,0,0,1
1608397012,0,0,1
1608397730,225,915,0
1608397765,0,0,1
1608397774,0,0,1
1608397774,0,0,1
1608397883,0,0,1
1608397939,0,0,1
1608399235,0,0,1
1608399548,255,185,0
1608422480,2693,556,0
1608424254,209,29,0
1608426071,169,44,0
1608427891,158,13,0
1608428611,0,0,1
1608429226,0,0,1
1608429606,0,0,1
1608429670,117,9,0
1608431447,256,50,0
1608432099,0,0,1
1608433257,131,19,0
1608435060,157,133,0
1608436834,68,33,0
1608436960,0,0,1
1608438318,0,0,1
1608438647,280,33,0
1608440434,250,46,0
1608442210,454,64,0
1608443264,0,0,1
1608443501,0,0,1
1608478050,4502,1487,0
1608479830,113,2,0
1608481455,0,0,1
1608481868,0,0,1
1608481946,256,34,0
1608482002,0,0,1
1608482070,0,0,1
1608482142,0,0,1
1608482417,0,0,1
1608483130,0,0,1
1608483284,0,0,1
1608483637,0,0,1
1608501023,2933,1905,0
1608501051,0,0,1
1608501060,0,0,1
1608502309,0,0,1
1608502461,0,0,1
1608503864,0,0,1
1608503995,0,0,1
1608504009,358,102,0
1608504079,0,0,1
1608504815,0,0,1
1608505880,0,0,1
1608505906,0,0,1
1608506154,0,0,1
1608506154,0,0,1
1608506208,406,236,0
1608506422,0,0,1
1608508005,171,44,0
1608509805,306,95,0
1608509873,0,0,1
1608510402,0,0,1
1608510413,0,0,1
1608510457,0,0,1
1608510467,0,0,1
1608511621,163,29,0
1608512242,0,0,1
1608512244,0,0,1
1608519461,1131,333,0
1608564530,5812,3880,0
1608565098,0,0,1
1608565098,0,0,1
1608565098,0,0,1
1608565172,0,0,1
1608565367,0,0,1
1608565395,0,0,1
1608566309,269,265,0
1608567759,0,0,1
1608568052,0,0,1
1608568425,0,0,1
1608568844,322,59,0
1608569046,0,0,1
1608569046,0,0,1
1608570660,209,907,0
1608570740,0,0,1
1608592439,3858,3072,0
1608593614,0,0,1
1608593872,0,0,1
1608594041,0,0,1
1608594099,0,0,1
1608594162,0,0,1
1608594223,208,66,0
1608594408,0,0,1
1608594524,0,0,1
1608594598,0,0,1
1608594749,0,0,1
1608594950,0,0,1
1608596046,214,69,0
1608597817,278,121,0
1608599616,268,72,0
1608604204,652,280,0
1608604219,0,0,1
1608605276,0,0,1
1608605276,0,0,1
1608605414,0,0,1
1608605572,0,0,1
1608605981,215,65,0
1608607754,236,103,0
1608609398,0,0,1
1608609411,0,0,1
1608609452,0,0,1
1608609961,277,56,0
1608611754,273,150,0
1608613581,209,89,0
1608613978,0,0,1
1608613990,0,0,1
1608614019,0,0,1
1608614317,0,0,1
1608614507,0,0,1
1608614832,0,0,1
1608615385,165,188,0
1608616424,0,0,1
1608616589,0,0,1
1608616858,0,0,1
1608616932,0,0,1
1608617201,214,79,0
1608617216,0,0,1
1608617343,0,0,1
1608617379,0,0,1
1608617528,0,0,1
1608617686,0,0,1
1608617854,0,0,1
1608617922,0,0,1
1608617922,0,0,1
1608617945,0,0,1
1608617963,0,0,1
1608618301,0,0,1
1608618603,0,0,1
1608619015,0,0,1
1608619018,209,62,0
1608653638,4812,2956,0
1608655684,0,0,1
1608655713,0,0,1
1608656617,0,0,1
1608658149,651,1104,0
1608658708,0,0,1
1608658856,0,0,1
1608658871,0,0,1
1608658872,0,0,1
1608658872,0,0,1
1608658894,0,0,1
1608658973,0,0,1
1608659571,0,0,1
1608659855,0,0,1
1608659978,325,72,0
1608660230,0,0,1
1608661590,0,0,1
1608661593,0,0,1
1608661791,369,156,0
1608663584,226,313,0
1608663896,0,0,1
1608664738,0,0,1
1608665087,0,0,1
1608665367,345,124,0
1608677895,0,0,1
1608677920,0,0,1
1608678328,0,0,1
1608678651,0,0,1
1608679089,2181,809,0
1608679236,0,0,1
1608680224,0,0,1
1608680885,305,61,0
1608682676,336,91,0
1608684474,376,308,0
1608686242,0,0,1
1608686244,269,202,0
1608686378,0,0,1
1608686387,0,0,1
1608687256,0,0,1
1608688025,119,98,0
1608689701,0,0,1
1608689731,0,0,1
1608689814,0,0,1
1608689816,212,84,0
1608691598,192,51,0
1608693406,197,34,0
1608695990,0,0,1
1608696875,0,0,1
1608697284,519,194,0
1608697650,0,0,1
1608697692,0,0,1
1608698822,0,0,1
1608698822,0,0,1
1608698853,0,0,1
1608699087,192,253,0
1608699519,0,0,1
1608699694,0,0,1
1608699855,0,0,1
1608700091,0,0,1
1608700147,0,0,1
1608700147,0,0,1
1608700262,0,0,1
1608700668,0,0,1
1608700668,0,0,1
1608700899,214,46,0
1608700930,0,0,1
1608702164,0,0,1
1608702723,300,221,0
1608744580,0,0,1
1608745426,5545,4473,0
1608747234,305,209,0
1608747803,0,0,1
1608748561,0,0,1
1608748747,0,0,1
1608749050,218,33,0
1608749392,0,0,1
1608749752,0,0,1
1608750137,0,0,1
1608750588,0,0,1
1608750821,295,104,0
1608751084,0,0,1
1608751418,0,0,1
1608751787,0,0,1
1608752038,0,0,1
1608752220,0,0,1
1608752340,0,0,1
1608752625,214,33,0
1608752689,0,0,1
1608753005,0,0,1
1608756512,669,65,0
1608756744,0,0,1
1608757446,0,0,1
1608757446,0,0,1
1608757568,0,0,1
1608757725,0,0,1
1608757940,0,0,1
1608758166,0,0,1
1608758338,170,34,0
1608758779,0,0,1
1608769215,1731,1139,0
1608769316,0,0,1
1608769633,0,0,1
1608770289,0,0,1
1608771004,168,251,0
1608772198,0,0,1
1608772811,289,41,0
1608773856,0,0,1
1608774588,193,36,0
1608776360,203,63,0
1608778054,0,0,1
1608778150,259,52,0
1608779963,139,14,0
1608779997,0,0,1
1608781770,297,118,0
1608783252,0,0,1
1608783583,188,172,0
1608785076,0,0,1
1608785580,418,113,0
1608786537,0,0,1
1608787409,264,190,0
1608789207,216,83,0
1608801531,1485,1227,0
1608832070,3565,3172,0
1608836513,716,236,0
1608838442,284,168,0
1608843178,0,0,1
1608847499,1538,712,0
1608847501,0,0,1
1608853690,0,0,1
1608855351,0,0,1
1608856870,1144,580,0
1608856877,0,0,1
1608857005,0,0,1
1608857737,0,0,1
1608859500,517,211,0
1608860226,0,0,1
1608863288,0,0,1
1608863456,0,0,1
1608863456,0,0,1
1608863861,0,0,1
1608865014,166,17,0
1608865656,0,0,1
1608866302,1119,186,0
1608870893,1138,182,0
1608872869,413,321,0
1608874677,423,196,0
1608876483,243,67,0
1608877863,0,0,1
1608878017,0,0,1
1608878096,0,0,1
1608878264,327,109,0
1608878693,0,0,1
1608910609,4767,3057,0
1608910929,0,0,1
1608911182,0,0,1
1608912428,188,30,0
1608914258,347,25,0
1608918462,449,897,0
1608918550,0,0,1
1608918930,0,0,1
1608919809,0,0,1
1608920245,310,315,0
1608922036,202,23,0
1608924284,494,63,0
1608945633,0,0,1
1608955888,4025,1779,0
1608957910,245,63,0
1608959819,0,0,1
1608959897,0,0,1
1608959980,0,0,1
1608960268,0,0,1
1608960463,0,0,1
1608960509,295,42,0
1608960521,0,0,1
1608962304,182,21,0
1608962462,0,0,1
1608997553,3643,1921,0
1608997739,0,0,1
1608997816,0,0,1
1608998102,0,0,1
1608998102,0,0,1
1608998103,0,0,1
1608998397,0,0,1
1608998624,0,0,1
1608998978,0,0,1
1608999018,0,0,1
1608999201,0,0,1
1608999335,227,44,0
1608999432,0,0,1
1608999589,0,0,1
1608999712,0,0,1
1608999766,0,0,1
1608999898,0,0,1
1609000267,0,0,1
1609000716,0,0,1
1609001174,189,36,0
1609001261,0,0,1
1609002267,0,0,1
1609002985,225,915,0
1609003020,0,0,1
1609003029,0,0,1
1609003029,0,0,1
1609003138,0,0,1
1609003194,0,0,1
1609004490,0,0,1
1609004803,255,185,0
1609027735,2693,556,0
1609029509,209,29,0
1609031326,169,44,0
1609033146,158,13,0
1609033866,0,0,1
1609034481,0,0,1
1609034861,0,0,1
1609034925,117,9,0
1609036702,256,50,0
1609037354,0,0,1
1609038512,131,19,0
1609040315,157,133,0
1609042089,68,33,0
1609042215,0,0,1
1609043573,0,0,1
1609043902,280,33,0
1609045689,250,46,0
1609047465,454,64,0
1609048519,0,0,1
1609048756,0,0,1
1609083305,4502,1487,0
1609085085,113,2,0
1609086710,0,0,1
1609087123,0,0,1
1609087201,256,34,0
1609087257,0,0,1
1609087325,0,0,1
1609087397,0,0,1
1609087672,0,0,1
1609088385,0,0,1
1609088539,0,0,1
1609088892,0,0,1
1609106278,2933,1905,0
1609106306,0,0,1
1609106315,0,0,1
1609107564,0,0,1
1609107716,0,0,1
1609109119,0,0,1
1609109250,0,0,1
1609109264,358,102,0
1609109334,0,0,1
1609110070,0,0,1
1609111135,0,0,1
1609111161,0,0,1
1609111409,0,0,1
1609111409,0,0,1
1609111463,406,236,0
1609111677,0,0,1
1609113260,171,44,0
1609115060,306,95,0
1609115128,0,0,1
1609115657,0,0,1
1609115668,0,0,1
1609115712,0,0,1
1609115722,0,0,1
1609116876,163,29,0
1609117497,0,0,1
1609117499,0,0,1
1609124716,1131,333,0
1609169785,5812,3880,0
1609170353,0,0,1
1609170353,0,0,1
1609170353,0,0,1
1609170427,0,0,1
1609170622,0,0,1
1609170650,0,0,1
1609171564,269,265,0
1609173014,0,0,1
1609173307,0,0,1
1609173680,0,0,1
1609174099,322,59,0
1609174301,0,0,1
1609174301,0,0,1
1609175915,209,907,0
1609175995,0,0,1
1609197694,3858,3072,0
1609198869,0,0,1
1609199127,0,0,1
1609199296,0,0,1
1609199354,0,0,1
1609199417,0,0,1
1609199478,208,66,0
1609199663,0,0,1
1609199779,0,0,1
1609199853,0,0,1
1609200004,0,0,1
1609200205,0,0,1
1609201301,214,69,0
1609203072,278,121,0
1609204871,268,72,0
1609209459,652,280,0
1609209474,0,0,1
1609210531,0,0,1
1609210531,0,0,1
1609210669,0,0,1
1609210827,0,0,1
1609211236,215,65,0
1609213009,236,103,0
1609214653,0,0,1
1609214666,0,0,1
1609214707,0,0,1
1609215216,277,56,0
1609217009,273,150,0
1609218836,209,89,0
1609219233,0,0,1
1609219245,0,0,1
1609219274,0,0,1
1609219572,0,0,1
1609219762,0,0,1
1609220087,0,0,1
1609220640,165,188,0
1609221679,0,0,1
1609221844,0,0,1
1609222113,0,0,1
1609222187,0,0,1
1609222456,214,79,0
1609222471,0,0,1
1609222598,0,0,1
1609222634,0,0,1
1609222783,0,0,1
1609222941,0,0,1
1609223109,0,0,1
1609223177,0,0,1
1609223177,0,0,1
1609223200,0,0,1
1609223218,0,0,1
1609223556,0,0,1
1609223858,0,0,1
1609224270,0,0,1
1609224273,209,62,0
1609258893,4812,2956,0
1609260939,0,0,1
1609260968,0,0,1
1609261872,0,0,1
1609263404,651,1104,0
1609263963,0,0,1
1609264111,0,0,1
1609264126,0,0,1
1609264127,0,0,1
1609264127,0,0,1
1609264149,0,0,1
1609264228,0,0,1
1609264826,0,0,1
1609265110,0,0,1
1609265233,325,72,0
1609265485,0,0,1
1609266845,0,0,1
1609266848,0,0,1
1609267046,369,156,0
1609268839,226,313,0
1609269151,0,0,1
1609269993,0,0,1
1609270342,0,0,1
1609270622,345,124,0
1609283150,0,0,1
1609283175,0,0,1
1609283583,0,0,1
1609283906,0,0,1
1609284344,2181,809,0
1609284491,0,0,1
1609285479,0,0,1
1609286140,305,61,0
1609287931,336,91,0
1609289729,376,308,0
1609291497,0,0,1
1609291499,269,202,0
1609291633,0,0,1
1609291642,0,0,1
1609292511,0,0,1
1609293280,119,98,0
1609294956,0,0,1
1609294986,0,0,1
1609295069,0,0,1
1609295071,212,84,0
1609296853,192,51,0
1609298661,197,34,0
1609301245,0,0,1
1609302130,0,0,1
1609302539,519,194,0
1609302905,0,0,1
1609302947,0,0,1
1609304077,0,0,1
1609304077,0,0,1
1609304108,0,0,1
1609304342,192,253,0
1609304774,0,0,1
1609304949,0,0,1
1609305110,0,0,1
1609305346,0,0,1
1609305402,0,0,1
1609305402,0,0,1
1609305517,0,0,1
1609305923,0,0,1
1609305923,0,0,1
1609306154,214,46,0
1609306185,0,0,1
1609307419,0,0,1
1609307978,300,221,0
1609349835,0,0,1
1609350681,5545,4473,0
1609352489,305,209,0
1609353058,0,0,1
1609353816,0,0,1
1609354002,0,0,1
1609354305,218,33,0
1609354647,0,0,1
1609355007,0,0,1
1609355392,0,0,1
1609355843,0,0,1
1609356076,295,104,0
1609356339,0,0,1
1609356673,0,0,1
1609357042,0,0,1
1609357293,0,0,1
1609357475,0,0,1
1609357595,0,0,1
1609357880,214,33,0
1609357944,0,0,1
1609358260,0,0,1
1609361767,669,65,0
1609361999,0,0,1
1609362701,0,0,1
1609362701,0,0,1
1609362823,0,0,1
1609362980,0,0,1
1609363195,0,0,1
1609363421,0,0,1
1609363593,170,34,0
1609364034,0,0,1
1609374470,1731,1139,0
1609374571,0,0,1
1609374888,0,0,1
1609375544,0,0,1
1609376259,168,251,0
1609377453,0,0,1
1609378066,289,41,0
1609379111,0,0,1
1609379843,193,36,0
1609381615,203,63,0
1609383309,0,0,1
1609383405,259,52,0
1609385218,139,14,0
1609385252,0,0,1
1609387025,297,118,0
1609388507,0,0,1
1609388838,188,172,0
1609390331,0,0,1
1609390835,418,113,0
1609391792,0,0,1
1609392664,264,190,0
1609394462,216,83,0
1609406786,1485,1227,0
1609437325,3565,3172,0
1609441768,716,236,0
1609443697,284,168,0
1609448433,0,0,1
1609452754,1538,712,0
1609452756,0,0,1
1609458945,0,0,1
1609460606,0,0,1
1609462146,0,0,1
1609463909,517,211,0
1609464635,0,0,1
1609467697,0,0,1
1609467865,0,0,1
1609467865,0,0,1
1609468270,0,0,1
1609469423,166,17,0
1609470065,0,0,1
1609470711,1119,186,0
1609475302,1138,182,0
1609477278,413,321,0
1609479086,423,196,0
1609480892,243,67,0
1609482272,0,0,1
1609482426,0,0,1
1609482505,0,0,1
1609482673,327,109,0
1609483102,0,0,1
1609515018,4767,3057,0
1609515338,0,0,1
1609515591,0,0,1
1609516837,188,30,0
1609518667,347,25,0
1609522871,449,897,0
1609522959,0,0,1
1609523339,0,0,1
1609524218,0,0,1
1609524654,310,315,0
1609526445,202,23,0
1609528693,494,63,0
1609550042,0,0,1
1609560297,4025,1779,0
1609562319,245,63,0
1609564228,0,0,1
1609564306,0,0,1
1609564389,0,0,1
1609564677,0,0,1
1609564872,0,0,1
1609564918,295,42,0
1609564930,0,0,1
1609566713,182,21,0
1609566871,0,0,1
1609601962,3643,1921,0
1609602148,0,0,1
1609602225,0,0,1
1609602511,0,0,1
1609602511,0,0,1
1609602512,0,0,1
1609602806,0,0,1
1609603033,0,0,1
1609603387,0,0,1
1609603427,0,0,1
1609603610,0,0,1
1609603744,227,44,0
1609603841,0,0,1
1609603998,0,0,1
1609604121,0,0,1
1609604175,0,0,1
1609604307,0,0,1
1609604676,0,0,1
1609605125,0,0,1
1609605583,189,36,0
1609605670,0,0,1
1609606676,0,0,1
1609607394,225,915,0
1609607429,0,0,1
1609607438,0,0,1
1609607438,0,0,1
1609607547,0,0,1
1609607603,0,0,1
1609608899,0,0,1
1609609212,255,185,0
1609632144,2693,556,0
1609633918,209,29,0
1609635735,169,44,0
1609637555,158,13,0
1609638275,0,0,1
1609638890,0,0,1
1609639270,0,0,1
1609639334,117,9,0
1609641111,256,50,0
1609641763,0,0,1
1609642921,131,19,0
1609644724,157,133,0
1609646498,68,33,0
1609646624,0,0,1
1609647982,0,0,1
1609648311,280,33,0
1609650098,250,46,0
1609651874,454,64,0
1609652928,0,0,1
1609653165,0,0,1
1609687714,4502,1487,0
1609689494,113,2,0
1609691119,0,0,1
1609691532,0,0,1
1609691610,256,34,0
1609691666,0,0,1
1609691734,0,0,1
1609691806,0,0,1
1609692081,0,0,1
1609692794,0,0,1
1609692948,0,0,1
1609693301,0,0,1
1609710687,2933,1905,0
1609710715,0,0,1
1609710724,0,0,1
1609711973,0,0,1
1609712125,0,0,1
1609713528,0,0,1
1609713659,0,0,1
1609713673,358,102,0
1609713743,0,0,1
1609714479,0,0,1
1609715544,0,0,1
1609715570,0,0,1
1609715818,0,0,1
1609715818,0,0,1
1609715872,406,236,0
1609716086,0,0,1
1609717669,171,44,0
1609719469,306,95,0
1609719537,0,0,1
1609720066,0,0,1
1609720077,0,0,1
1609720121,0,0,1
1609720131,0,0,1
1609721285,163,29,0
1609721906,0,0,1
1609721908,0,0,1
1609729125,1131,333,0
1609774194,5812,3880,0
1609774762,0,0,1
1609774762,0,0,1
1609774762,0,0,1
1609774836,0,0,1
1609775031,0,0,1
1609775059,0,0,1
1609775973,269,265,0
1609777423,0,0,1
1609777716,0,0,1
1609778089,0,0,1
1609778508,322,59,0
1609778710,0,0,1
1609778710,0,0,1
1609780324,209,907,0
1609780404,0,0,1
1609802103,3858,3072,0
1609803278,0,0,1
1609803536,0,0,1
1609803705,0,0,1
1609803763,0,0,1
1609803826,0,0,1
1609803887,208,66,0
1609804072,0,0,1
1609804188,0,0,1
1609804262,0,0,1
1609804413,0,0,1
1609804614,0,0,1
1609805710,214,69,0
1609807481,278,121,0
1609809280,268,72,0
1609813868,652,280,0
1609813883,0,0,1
1609814940,0,0,1
1609814940,0,0,1
1609815078,0,0,1
1609815236,0,0,1
1609815645,215,65,0
1609817418,236,103,0
1609819062,0,0,1
1609819075,0,0,1
1609819116,0,0,1
1609819625,277,56,0
1609821418,273,150,0
1609823245,209,89,0
1609823642,0,0,1
1609823654,0,0,1
1609823683,0,0,1
1609823981,0,0,1
1609824171,0,0,1
1609824496,0,0,1
1609825049,165,188,0
1609826088,0,0,1
1609826253,0,0,1
1609826522,0,0,1
1609826596,0,0,1
1609826865,214,79,0
1609826880,0,0,1
1609827007,0,0,1
1609827043,0,0,1
1609827192,0,0,1
1609827350,0,0,1
1609827518,0,0,1
1609827586,0,0,1
1609827586,0,0,1
1609827609,0,0,1
1609827627,0,0,1
1609827965,0,0,1
1609828267,0,0,1
1609828679,0,0,1
1609828682,209,62,0
1609863302,4812,2956,0
1609865348,0,0,1
1609865377,0,0,1
1609866281,0,0,1
1609867813,651,1104,0
1609868372,0,0,1
1609868520,0,0,1
1609868535,0,0,1
1609868536,0,0,1
1609868536,0,0,1
1609868558,0,0,1
1609868637,0,0,1
1609869235,0,0,1
1609869519,0,0,1
1609869642,325,72,0
1609869894,0,0,1
1609871254,0,0,1
1609871257,0,0,1
1609871455,369,156,0
1609873248,226,313,0
1609873560,0,0,1
1609874402,0,0,1
1609874751,0,0,1
1609875031,345,124,0
1609887559,0,0,1
1609887584,0,0,1
1609887992,0,0,1
1609888315,0,0,1
1609888753,2181,809,0
1609888900,0,0,1
1609889888,0,0,1
1609890549,305,61,0
1609892340,336,91,0
1609894138,376,308,0
1609895906,0,0,1
1609895908,269,202,0
1609896042,0,0,1
1609896051,0,0,1
1609896920,0,0,1
1609897689,119,98,0
1609899365,0,0,1
1609899395,0,0,1
1609899478,0,0,1
1609899480,212,84,0
1609901262,192,51,0
1609903070,197,34,0
1609905654,0,0,1
1609906539,0,0,1
1609906948,519,194,0
1609907314,0,0,1
1609907356,0,0,1
1609908486,0,0,1
1609908486,0,0,1
1609908517,0,0,1
1609908751,192,253,0
1609909183,0,0,1
1609909358,0,0,1
1609909519,0,0,1
1609909755,0,0,1
1609909811,0,0,1
1609909811,0,0,1
1609909926,0,0,1
1609910332,0,0,1
1609910332,0,0,1
1609910563,214,46,0
1609910594,0,0,1
1609911828,0,0,1
1609912387,300,221,0
1609954244,0,0,1
1609955090,5545,4473,0
1609956898,305,209,0
1609957467,0,0,1
1609958225,0,0,1
1609958411,0,0,1
1609958714,218,33,0
1609959056,0,0,1
1609959416,0,0,1
1609959801,0,0,1
1609960252,0,0,1
1609960485,295,104,0
1609960748,0,0,1
1609961082,0,0,1
1609961451,0,0,1
1609961702,0,0,1
1609961884,0,0,1
1609962004,0,0,1
1609962289,214,33,0
1609962353,0,0,1
1609962669,0,0,1
1609966176,669,65,0
1609966408,0,0,1
1609967110,0,0,1
1609967110,0,0,1
1609967232,0,0,1
1609967389,0,0,1
1609967604,0,0,1
1609967830,0,0,1
1609968002,170,34,0
1609968443,0,0,1
1609978879,1731,1139,0
1609978980,0,0,1
1609979297,0,0,1
1609979953,0,0,1
1609980668,168,251,0
1609981862,0,0,1
1609982475,289,41,0
1609983520,0,0,1
1609984252,193,36,0
1609986024,203,63,0
1609987718,0,0,1
1609987814,259,52,0
1609989627,139,14,0
1609989661,0,0,1
1609991434,297,118,0
1609992916,0,0,1
1609993247,188,172,0
1609994740,0,0,1
1609995244,418,113,0
1609996201,0,0,1
1609997073,264,190,0
1609998871,216,83,0
1610011195,1485,1227,0
1610041734,3565,3172,0
1610046177,716,236,0
1610048106,284,168,0
1610052842,0,0,1
1610057163,1538,712,0
1610057165,0,0,1
1610063354,0,0,1
1610065015,0,0,1
1610066534,1144,580,0
1610066541,0,0,1
1610066669,0,0,1
1610067401,0,0,1
1610069164,517,211,0
1610069890,0,0,1
1610072952,0,0,1
1610073120,0,0,1
1610073120,0,0,1
1610073525,0,0,1
1610074678,166,17,0
1610075320,0,0,1
1610075966,1119,186,0
1610080557,1138,182,0
1610082533,413,321,0
1610084341,423,196,0
1610086147,243,67,0
1610087527,0,0,1
1610087681,0,0,1
1610087760,0,0,1
1610087928,327,109,0
1610088357,0,0,1
1610120273,4767,3057,0
1610120593,0,0,1
1610120846,0,0,1
1610122092,188,30,0
1610123922,347,25,0
1610128126,449,897,0
1610128214,0,0,1
1610128594,0,0,1
1610129473,0,0,1
1610129909,310,315,0
1610131700,202,23,0
1610133948,494,63,0
1610155297,0,0,1
1610165552,4025,1779,0
1610167574,245,63,0
1610169483,0,0,1
1610169561,0,0,1
1610169644,0,0,1
1610169932,0,0,1
1610170127,0,0,1
1610170173,295,42,0
1610170185,0,0,1
1610171968,182,21,0
1610172126,0,0,1
1610207217,3643,1921,0
1610207403,0,0,1
1610207480,0,0,1
1610207766,0,0,1
1610207766,0,0,1
1610207767,0,0,1
1610208061,0,0,1
1610208288,0,0,1
1610208642,0,0,1
1610208682,0,0,1
1610208865,0,0,1
1610208999,227,44,0
1610209096,0,0,1
1610209253,0,0,1
1610209376,0,0,1
1610209430,0,0,1
1610209562,0,0,1
1610209931,0,0,1
1610210380,0,0,1
1610210838,189,36,0
1610210925,0,0,1
1610211931,0,0,1
1610212649,225,915,0
1610212684,0,0,1
1610212693,0,0,1
1610212693,0,0,1
1610212802,0,0,1
1610212858,0,0,1
1610214154,0,0,1
1610214467,255,185,0
1610237399,2693,556,0
1610239173,209,29,0
1610240990,169,44,0
1610242810,158,13,0
1610243530,0,0,1
1610244145,0,0,1
1610244525,0,0,1
1610244589,117,9,0
1610246366,256,50,0
1610247018,0,0,1
1610248176,131,19,0
1610249979,157,133,0
1610251753,68,33,0
1610251879,0,0,1
1610253237,0,0,1
1610253566,280,33,0
1610255353,250,46,0
1610257129,454,64,0
1610258183,0,0,1
1610258420,0,0,1
1610292969,4502,1487,0
1610294749,113,2,0
1610296374,0,0,1
1610296787,0,0,1
1610296865,256,34,0
1610296921,0,0,1
1610296989,0,0,1
1610297061,0,0,1
1610297336,0,0,1
1610298049,0,0,1
1610298203,0,0,1
1610298556,0,0,1
1610315942,2933,1905,0
1610315970,0,0,1
1610315979,0,0,1
1610317228,0,0,1
1610317380,0,0,1
1610318783,0,0,1
1610318914,0,0,1
1610318928,358,102,0
1610318998,0,0,1
1610319734,0,0,1
1610320799,0,0,1
1610320825,0,0,1
1610321073,0,0,1
1610321073,0,0,1
1610321127,406,236,0
1610321341,0,0,1
1610322924,171,44,0
1610324724,306,95,0
1610324792,0,0,1
1610325321,0,0,1
1610325332,0,0,1
1610325376,0,0,1
1610325386,0,0,1
1610326540,163,29,0
1610327161,0,0,1
1610327163,0,0,1
1610334380,1131,333,0
1610379449,5812,3880,0
1610380017,0,0,1
1610380017,0,0,1
1610380017,0,0,1
1610380091,0,0,1
1610380286,0,0,1
1610380314,0,0,1
1610381228,269,265,0
1610382678,0,0,1
1610382971,0,0,1
1610383344,0,0,1
1610383763,322,59,0
1610383965,0,0,1
1610383965,0,0,1
1610385579,209,907,0
1610385659,0,0,1
1610407358,3858,3072,0
1610408533,0,0,1
1610408791,0,0,1
1610408960,0,0,1
1610409018,0,0,1
1610409081,0,0,1
1610409142,208,66,0
1610409327,0,0,1
1610409443,0,0,1
1610409517,0,0,1
1610409668,0,0,1
1610409869,0,0,1
1610410965,214,69,0
1610412736,278,121,0
1610414535,268,72,0
1610419123,652,280,0
1610419138,0,0,1
1610420195,0,0,1
1610420195,0,0,1
1610420333,0,0,1
1610420491,0,0,1
1610420900,215,65,0
1610422673,236,103,0
1610424317,0,0,1
1610424330,0,0,1
1610424371,0,0,1
1610424880,277,56,0
1610426673,273,150,0
1610428500,209,89,0
1610428897,0,0,1
1610428909,0,0,1
1610428938,0,0,1
1610429236,0,0,1
1610429426,0,0,1
1610429751,0,0,1
1610430304,165,188,0
1610431343,0,0,1
1610431508,0,0,1
1610431777,0,0,1
1610431851,0,0,1
1610432120,214,79,0
1610432135,0,0,1
1610432262,0,0,1
1610432298,0,0,1
1610432447,0,0,1
1610432605,0,0,1
1610432773,0,0,1
1610432841,0,0,1
1610432841,0,0,1
1610432864,0,0,1
1610432882,0,0,1
1610433220,0,0,1
1610433522,0,0,1
1610433934,0,0,1
1610433937,209,62,0
1610468557,4812,2956,0
1610470603,0,0,1
1610470632,0,0,1
1610471536,0,0,1
1610473068,651,1104,0
1610473627,0,0,1
1610473775,0,0,1
1610473790,0,0,1
1610473791,0,0,1
1610473791,0,0,1
1610473813,0,0,1
1610473892,0,0,1
1610474490,0,0,1
1610474774,0,0,1
1610474897,325,72,0
1610475149,0,0,1
1610476509,0,0,1
1610476512,0,0,1
1610476710,369,156,0
1610478503,226,313,0
1610478815,0,0,1
1610479657,0,0,1
1610480006,0,0,1
1610480286,345,124,0
1610492814,0,0,1
1610492839,0,0,1
1610493247,0,0,1
1610493570,0,0,1
1610494008,2181,809,0
1610494155,0,0,1
1610495143,0,0,1
1610495804,305,61,0
1610497595,336,91,0
1610499393,376,308,0
1610501161,0,0,1
1610501163,269,202,0
1610501297,0,0,1
1610501306,0,0,1
1610502175,0,0,1
1610502944,119,98,0
1610504620,0,0,1
1610504650,0,0,1
1610504733,0,0,1
1610504735,212,84,0
1610506517,192,51,0
1610508325,197,34,0
1610510909,0,0,1
1610511794,0,0,1
1610512203,519,194,0
1610512569,0,0,1
1610512611,0,0,1
1610513741,0,0,1
1610513741,0,0,1
1610513772,0,0,1
1610514006,192,253,0
1610514438,0,0,1
1610514613,0,0,1
1610514774,0,0,1
1610515010,0,0,1
1610515066,0,0,1
1610515066,0,0,1
1610515181,0,0,1
1610515587,0,0,1
1610515587,0,0,1
1610515818,214,46,0
1610515849,0,0,1
1610517083,0,0,1
1610517642,300,221,0
1610559499,0,0,1
1610560345,5545,4473,0
1610562153,305,209,0
1610562722,0,0,1
1610563480,0,0,1
1610563666,0,0,1
1610563969,218,33,0
1610564311,0,0,1
1610564671,0,0,1
1610565056,0,0,1
1610565507,0,0,1
1610565740,295,104,0
1610566003,0,0,1
1610566337,0,0,1
1610566706,0,0,1
1610566957,0,0,1
1610567139,0,0,1
1610567259,0,0,1
1610567544,214,33,0
1610567608,0,0,1
1610567924,0,0,1
1610571431,669,65,0
1610571663,0,0,1
1610572365,0,0,1
1610572365,0,0,1
1610572487,0,0,1
1610572644,0,0,1
1610572859,0,0,1
1610573085,0,0,1
1610573257,170,34,0
1610573698,0,0,1
1610584134,1731,1139,0
1610584235,0,0,1
1610584552,0,0,1
1610585208,0,0,1
1610585923,168,251,0
1610587117,0,0,1
1610587730,289,41,0
1610588775,0,0,1
1610589507,193,36,0
1610591279,203,63,0
1610592973,0,0,1
1610593069,259,52,0
1610594882,139,14,0
1610594916,0,0,1
1610596689,297,118,0
1610598171,0,0,1
1610598502,188,172,0
1610599995,0,0,1
1610600499,418,113,0
1610601456,0,0,1
1610602328,264,190,0
1610604126,216,83,0
1610616450,1485,1227,0
1610646989,3565,3172,0
1610651432,716,236,0
1610653361,284,168,0
1610658097,0,0,1
1610662418,1538,712,0
1610662420,0,0,1
1610668609,0,0,1
1610670270,0,0,1
1610671810,0,0,1
1610673573,517,211,0
1610674299,0,0,1
1610677361,0,0,1
1610677529,0,0,1
1610677529,0,0,1
1610677934,0,0,1
1610679087,166,17,0
1610679729,0,0,1
1610680375,1119,186,0
1610684966,1138,182,0
1610686942,413,321,0
1610688750,423,196,0
1610690556,243,67,0
1610691936,0,0,1
1610692090,0,0,1
1610692169,0,0,1
1610692337,327,109,0
1610692766,0,0,1
1610724682,4767,3057,0
1610725002,0,0,1
1610725255,0,0,1
1610726501,188,30,0
1610728331,347,25,0
1610732535,449,897,0
1610732623,0,0,1
1610733003,0,0,1
1610733882,0,0,1
1610734318,310,315,0
1610736109,202,23,0
1610738357,494,63,0
1610759706,0,0,1
1610769961,4025,1779,0
1610771983,245,63,0
1610773892,0,0,1
1610773970,0,0,1
1610774053,0,0,1
1610774341,0,0,1
1610774536,0,0,1
1610774582,295,42,0
1610774594,0,0,1
1610776377,182,21,0
1610776535,0,0,1
1610811626,3643,1921,0
1610811812,0,0,1
1610811889,0,0,1
1610812175,0,0,1
1610812175,0,0,1
1610812176,0,0,1
1610812470,0,0,1
1610812697,0,0,1
1610813051,0,0,1
1610813091,0,0,1
1610813274,0,0,1
1610813408,227,44,0
1610813505,0,0,1
1610813662,0,0,1
1610813785,0,0,1
1610813839,0,0,1
1610813971,0,0,1
1610814340,0,0,1
1610814789,0,0,1
1610815247,189,36,0
1610815334,0,0,1
1610816340,0,0,1
1610817058,225,915,0
1610817093,0,0,1
1610817102,0,0,1
1610817102,0,0,1
1610817211,0,0,1
1610817267,0,0,1
1610818563,0,0,1
1610818876,255,185,0
1610841808,2693,556,0
1610843582,209,29,0
1610845399,169,44,0
1610847219,158,13,0
1610847939,0,0,1
1610848554,0,0,1
1610848934,0,0,1
1610848998,117,9,0
1610850775,256,50,0
1610851427,0,0,1
1610852585,131,19,0
1610854388,157,133,0
1610856162,68,33,0
1610856288,0,0,1
1610857646,0,0,1
1610857975,280,33,0
1610859762,250,46,0
1610861538,454,64,0
1610862592,0,0,1
1610862829,0,0,1
1610897378,4502,1487,0
1610899158,113,2,0
1610900783,0,0,1
1610901196,0,0,1
1610901274,256,34,0
1610901330,0,0,1
1610901398,0,0,1
1610901470,0,0,1
1610901745,0,0,1
1610902458,0,0,1
1610902612,0,0,1
1610902965,0,0,1
1610920351,2933,1905,0
1610920379,0,0,1
1610920388,0,0,1
1610921637,0,0,1
1610921789,0,0,1
1610923192,0,0,1
1610923323,0,0,1
1610923337,358,102,0
1610923407,0,0,1
1610924143,0,0,1
1610925208,0,0,1
1610925234,0,0,1
1610925482,0,0,1
1610925482,0,0,1
1610925536,406,236,0
1610925750,0,0,1
1610927333,171,44,0
1610929133,306,95,0
1610929201,0,0,1
1610929730,0,0,1
1610929741,0,0,1
1610929785,0,0,1
1610929795,0,0,1
1610930949,163,29,0
1610931570,0,0,1
1610931572,0,0,1
1610938789,1131,333,0
1610983858,5812,3880,0
1610984426,0,0,1
1610984426,0,0,1
1610984426,0,0,1
1610984500,0,0,1
1610984695,0,0,1
1610984723,0,0,1
1610985637,269,265,0
1610987087,0,0,1
1610987380,0,0,1
1610987753,0,0,1
1610988172,322,59,0
1610988374,0,0,1
1610988374,0,0,1
1610989988,209,907,0
1610990068,0,0,1
1611011767,3858,3072,0
1611012942,0,0,1
1611013200,0,0,1
1611013369,0,0,1
1611013427,0,0,1
1611013490,0,0,1
1611013551,208,66,0
1611013736,0,0,1
1611013852,0,0,1
1611013926,0,0,1
1611014077,0,0,1
1611014278,0,0,1
1611015374,214,69,0
1611017145,278,121,0
1611018944,268,72,0
1611023532,652,280,0
1611023547,0,0,1
1611024604,0,0,1
1611024604,0,0,1
1611024742,0,0,1
1611024900,0,0,1
1611025309,215,65,0
1611027082,236,103,0
1611028726,0,0,1
1611028739,0,0,1
1611028780,0,0,1
1611029289,277,56,0
1611031082,273,150,0
1611032909,209,89,0
1611033306,0,0,1
1611033318,0,0,1
1611033347,0,0,1
1611033645,0,0,1
1611033835,0,0,1
1611034160,0,0,1
1611034713,165,188,0
1611035752,0,0,1
1611035917,0,0,1
1611036186,0,0,1
1611036260,0,0,1
1611036529,214,79,0
1611036544,0,0,1
1611036671,0,0,1
1611036707,0,0,1
1611036856,0,0,1
1611037014,0,0,1
1611037182,0,0,1
1611037250,0,0,1
1611037250,0,0,1
1611037273,0,0,1
1611037291,0,0,1
1611037629,0,0,1
1611037931,0,0,1
1611038343,0,0,1
1611038346,209,62,0
1611072966,4812,2956,0
1611075012,0,0,1
1611075041,0,0,1
1611075945,0,0,1
1611077477,651,1104,0
1611078036,0,0,1
1611078184,0,0,1
1611078199,0,0,1
1611078200,0,0,1
1611078200,0,0,1
1611078222,0,0,1
1611078301,0,0,1
1611078899,0,0,1
1611079183,0,0,1
1611079306,325,72,0
1611079558,0,0,1
1611080918,0,0,1
1611080921,0,0,1
1611081119,369,156,0
1611082912,226,313,0
1611083224,0,0,1
1611084066,0,0,1
1611084415,0,0,1
1611084695,345,124,0
1611097223,0,0,1
1611097248,0,0,1
1611097656,0,0,1
1611097979,0,0,1
1611098417,2181,809,0
1611098564,0,0,1
1611099552,0,0,1
1611100213,305,61,0
1611102004,336,91,0
1611103802,376,308,0
1611105570,0,0,1
1611105572,269,202,0
1611105706,0,0,1
1611105715,0,0,1
1611106584,0,0,1
1611107353,119,98,0
1611109029,0,0,1
1611109059,0,0,1
1611109142,0,0,1
1611109144,212,84,0
1611110926,192,51,0
1611112734,197,34,0
1611115318,0,0,1
1611116203,0,0,1
1611116612,519,194,0
1611116978,0,0,1
1611117020,0,0,1
1611118150,0,0,1
1611118150,0,0,1
1611118181,0,0,1
1611118415,192,253,0
1611118847,0,0,1
1611119022,0,0,1
1611119183,0,0,1
1611119419,0,0,1
1611119475,0,0,1
1611119475,0,0,1
1611119590,0,0,1
1611119996,0,0,1
1611119996,0,0,1
1611120227,214,46,0
1611120258,0,0,1
1611121492,0,0,1
1611122051,300,221,0
1611163908,0,0,1
1611164754,5545,4473,0
1611166562,305,209,0
1611167131,0,0,1
1611167889,0,0,1
1611168075,0,0,1
1611168378,218,33,0
1611168720,0,0,1
1611169080,0,0,1
1611169465,0,0,1
1611169916,0,0,1
1611170149,295,104,0
1611170412,0,0,1
1611170746,0,0,1
1611171115,0,0,1
1611171366,0,0,1
1611171548,0,0,1
1611171668,0,0,1
1611171953,214,33,0
1611172017,0,0,1
1611172333,0,0,1
1611175840,669,65,0
1611176072,0,0,1
1611176774,0,0,1
1611176774,0,0,1
1611176896,0,0,1
1611177053,0,0,1
1611177268,0,0,1
1611177494,0,0,1
1611177666,170,34,0
1611178107,0,0,1
1611188543,1731,1139,0
1611188644,0,0,1
1611188961,0,0,1
1611189617,0,0,1
1611190332,168,251,0
1611191526,0,0,1
1611192139,289,41,0
1611193184,0,0,1
1611193916,193,36,0
1611195688,203,63,0
1611197382,0,0,1
1611197478,259,52,0
1611199291,139,14,0
1611199325,0,0,1
1611201098,297,118,0
1611202580,0,0,1
1611202911,188,172,0
1611204404,0,0,1
1611204908,418,113,0
1611205865,0,0,1
1611206737,264,190,0
1611208535,216,83,0
1611220859,1485,1227,0
1611251398,3565,3172,0
1611255841,716,236,0
1611257770,284,168,0
1611262506,0,0,1
1611266827,1538,712,0
1611266829,0,0,1
1611273018,0,0,1
1611274679,0,0,1
1611276198,1144,580,0
1611276205,0,0,1
1611276333,0,0,1
1611277065,0,0,1
1611278828,517,211,0
1611279554,0,0,1
1611282616,0,0,1
1611282784,0,0,1
1611282784,0,0,1
1611283189,0,0,1
1611284342,166,17,0
1611284984,0,0,1
1611285630,1119,186,0
1611290221,1138,182,0
1611292197,413,321,0
1611294005,423,196,0
1611295811,243,67,0
1611297191,0,0,1
1611297345,0,0,1
1611297424,0,0,1
1611297592,327,109,0
1611298021,0,0,1
1611329937,4767,3057,0
1611330257,0,0,1
1611330510,0,0,1
1611331756,188,30,0
1611333586,347,25,0
1611337790,449,897,0
1611337878,0,0,1
1611338258,0,0,1
1611339137,0,0,1
1611339573,310,315,0
1611341364,202,23,0
1611343612,494,63,0
1611364961,0,0,1
1611375216,4025,1779,0
1611377238,245,63,0
1611379147,0,0,1
1611379225,0,0,1
1611379308,0,0,1
1611379596,0,0,1
1611379791,0,0,1
1611379837,295,42,0
1611379849,0,0,1
1611381632,182,21,0
1611381790,0,0,1
1611416881,3643,1921,0
1611417067,0,0,1
1611417144,0,0,1
1611417430,0,0,1
1611417430,0,0,1
1611417431,0,0,1
1611417725,0,0,1
1611417952,0,0,1
1611418306,0,0,1
1611418346,0,0,1
1611418529,0,0,1
1611418663,227,44,0
1611418760,0,0,1
1611418917,0,0,1
1611419040,0,0,1
1611419094,0,0,1
1611419226,0,0,1
1611419595,0,0,1
1611420044,0,0,1
1611420502,189,36,0
1611420589,0,0,1
1611421595,0,0,1
1611422313,225,915,0
1611422348,0,0,1
1611422357,0,0,1
1611422357,0,0,1
1611422466,0,0,1
1611422522,0,0,1
1611423818,0,0,1
1611424131,255,185,0
1611447063,2693,556,0
1611448837,209,29,0
1611450654,169,44,0
1611452474,158,13,0
1611453194,0,0,1
1611453809,0,0,1
1611454189,0,0,1
1611454253,117,9,0
1611456030,256,50,0
1611456682,0,0,1
1611457840,131,19,0
1611459643,157,133,0
1611461417,68,33,0
1611461543,0,0,1
1611462901,0,0,1
1611463230,280,33,0
1611465017,250,46,0
1611466793,454,64,0
1611467847,0,0,1
1611468084,0,0,1
1611502633,4502,1487,0
1611504413,113,2,0
1611506038,0,0,1
1611506451,0,0,1
1611506529,256,34,0
1611506585,0,0,1
1611506653,0,0,1
1611506725,0,0,1
1611507000,0,0,1
1611507713,0,0,1
1611507867,0,0,1
1611508220,0,0,1
1611525606,2933,1905,0
1611525634,0,0,1
1611525643,0,0,1
1611526892,0,0,1
1611527044,0,0,1
1611528447,0,0,1
1611528578,0,0,1
1611528592,358,102,0
1611528662,0,0,1
1611529398,0,0,1
1611530463,0,0,1
1611530489,0,0,1
1611530737,0,0,1
1611530737,0,0,1
1611530791,406,236,0
1611531005,0,0,1
1611532588,171,44,0
1611534388,306,95,0
1611534456,0,0,1
1611534985,0,0,1
1611534996,0,0,1
1611535040,0,0,1
1611535050,0,0,1
1611536204,163,29,0
1611536825,0,0,1
1611536827,0,0,1
1611544044,1131,333,0
1611589113,5812,3880,0
1611589681,0,0,1
1611589681,0,0,1
1611589681,0,0,1
1611589755,0,0,1
1611589950,0,0,1
1611589978,0,0,1
1611590892,269,265,0
1611592342,0,0,1
1611592635,0,0,1
1611593008,0,0,1
1611593427,322,59,0
1611593629,0,0,1
1611593629,0,0,1
1611595243,209,907,0
1611595323,0,0,1
1611617022,3858,3072,0
1611618197,0,0,1
1611618455,0,0,1
1611618624,0,0,1
1611618682,0,0,1
1611618745,0,0,1
1611618806,208,66,0
1611618991,0,0,1
1611619107,0,0,1
1611619181,0,0,1
1611619332,0,0,1
1611619533,0,0,1
1611620629,214,69,0
1611622400,278,121,0
1611624199,268,72,0
1611628787,652,280,0
1611628802,0,0,1
1611629859,0,0,1
1611629859,0,0,1
1611629997,0,0,1
1611630155,0,0,1
1611630564,215,65,0
1611632337,236,103,0
1611633981,0,0,1
1611633994,0,0,1
1611634035,0,0,1
1611634544,277,56,0
1611636337,273,150,0
1611638164,209,89,0
1611638561,0,0,1
1611638573,0,0,1
1611638602,0,0,1
1611638900,0,0,1
1611639090,0,0,1
1611639415,0,0,1
1611639968,165,188,0
1611641007,0,0,1
1611641172,0,0,1
1611641441,0,0,1
1611641515,0,0,1
1611641784,214,79,0
1611641799,0,0,1
1611641926,0,0,1
1611641962,0,0,1
1611642111,0,0,1
1611642269,0,0,1
1611642437,0,0,1
1611642505,0,0,1
1611642505,0,0,1
1611642528,0,0,1
1611642546,0,0,1
1611642884,0,0,1
1611643186,0,0,1
1611643598,0,0,1
1611643601,209,62,0
1611678221,4812,2956,0
1611680267,0,0,1
1611680296,0,0,1
1611681200,0,0,1
1611682732,651,1104,0
1611683291,0,0,1
1611683439,0,0,1
1611683454,0,0,1
1611683455,0,0,1
1611683455,0,0,1
1611683477,0,0,1
1611683556,0,0,1
1611684154,0,0,1
1611684438,0,0,1
1611684561,325,72,0
1611684813,0,0,1
1611686173,0,0,1
1611686176,0,0,1
1611686374,369,156,0
1611688167,226,313,0
1611688479,0,0,1
1611689321,0,0,1
1611689670,0,0,1
1611689950,345,124,0
1611702478,0,0,1
1611702503,0,0,1
1611702911,0,0,1
1611703234,0,0,1
1611703672,2181,809,0
1611703819,0,0,1
1611704807,0,0,1
1611705468,305,61,0
1611707259,336,91,0
1611709057,376,308,0
1611710825,0,0,1
1611710827,269,202,0
1611710961,0,0,1
1611710970,0,0,1
1611711839,0,0,1
1611712608,119,98,0
1611714284,0,0,1
1611714314,0,0,1
1611714397,0,0,1
1611714399,212,84,0
1611716181,192,51,0
1611717989,197,34,0
1611720573,0,0,1
1611721458,0,0,1
1611721867,519,194,0
1611722233,0,0,1
1611722275,0,0,1
1611723405,0,0,1
1611723405,0,0,1
1611723436,0,0,1
1611723670,192,253,0
1611724102,0,0,1
1611724277,0,0,1
1611724438,0,0,1
1611724674,0,0,1
1611724730,0,0,1
1611724730,0,0,1
1611724845,0,0,1
1611725251,0,0,1
1611725251,0,0,1
1611725482,214,46,0
1611725513,0,0,1
1611726747,0,0,1
1611727306,300,221,0
1611769163,0,0,1
1611770009,5545,4473,0
1611771817,305,209,0
1611772386,0,0,1
1611773144,0,0,1
1611773330,0,0,1
1611773633,218,33,0
1611773975,0,0,1
1611774335,0,0,1
1611774720,0,0,1
1611775171,0,0,1
1611775404,295,104,0
1611775667,0,0,1
1611776001,0,0,1
1611776370,0,0,1
1611776621,0,0,1
1611776803,0,0,1
1611776923,0,0,1
1611777208,214,33,0
1611777272,0,0,1
1611777588,0,0,1
1611781095,669,65,0
1611781327,0,0,1
1611782029,0,0,1
1611782029,0,0,1
1611782151,0,0,1
1611782308,0,0,1
1611782523,0,0,1
1611782749,0,0,1
1611782921,170,34,0
1611783362,0,0,1
1611793798,1731,1139,0
1611793899,0,0,1
1611794216,0,0,1
1611794872,0,0,1
1611795587,168,251,0
1611796781,0,0,1
1611797394,289,41,0
1611798439,0,0,1
1611799171,193,36,0
1611800943,203,63,0
1611802637,0,0,1
1611802733,259,52,0
1611804546,139,14,0
1611804580,0,0,1
1611806353,297,118,0
1611807835,0,0,1
1611808166,188,172,0
1611809659,0,0,1
1611810163,418,113,0
1611811120,0,0,1
1611811992,264,190,0
1611813790,216,83,0
1611826114,1485,1227,0
1611856653,3565,3172,0
1611861096,716,236,0
1611863025,284,168,0
1611867761,0,0,1
1611872082,1538,712,0
1611872084,0,0,1
1611878273,0,0,1
1611879934,0,0,1
