88245
90843
92139
90893
90639
90079
93678
91380
91085
87340
91545
95411
92571
93603
94904
89996
91784
89847
91526
94420
93101
93496
91623
93669
90506
96136
93441
92897
91377
94186
92624
91374
94927
93257
93064
87289
93252
94900
92739
107669
104576
103656
112570
101129
106484
1094695
92434
96197
96227
96404
92750
93602
94177
92170
96010
98637
95812
91524
98001
95867
94266
95186
95008
93683
97030
98362
88062
95438
96012
93015
94309
94494
98180
105926
94667
95397
94897
218626
93949
92222
101018
95517
92843
93175
91062
96882
95319
94095
93747
97020
95480
95455
96409
98153
90636
1140887
94695
123621
89841
98518
