47236
44544
45937
46269
46303
45479
46684
45722
46021
47120
44547
44760
44716
47168
46170
45097
46546
45789
46274
46373
46280
46281
48805
46021
46834
47552
46619
47155
52065
47094
46746
45940
46652
44496
46881
46933
45522
45960
45724
45369
46506
45535
46568
46823
51320
46003
45084
46420
46361
46508
46072
48456
110267
47354
46249
45698
47654
49512
46161
45745
46167
45791
47045
45791
45988
47136
46532
46802
45717
48847
47162
45533
46718
47365
46878
47936
46617
47387
47083
45570
46940
45460
46141
46645
47320
49571
46701
46136
47260
46991
46287
46799
46519
45634
46136
46969
46797
47159
47427
46547
