189707
198946
195162
194363
198253
196789
188131
190989
191399
188238
190786
197985
195202
200572
204467
200728
200548
208037
200369
208491
204928
211112
194801
202979
198520
331701
185903
193964
207182
204605
201969
200114
207374
209708
202079
212005
201703
202339
205859
205538
205985
208666
202167
209860
205136
209568
1255069
200732
203870
198068
210611
204838
202896
201457
205362
198825
209831
215534
208478
200536
204533
203245
445772
197415
205930
364592
209679
204400
206705
204553
207561
211010
211831
207012
204756
211387
202983
203170
197965
203695
203661
206598
209264
194029
195742
217092
211382
208035
198011
200767
202273
196733
209834
204979
202480
206428
1247471
205276
208659
203379
