119081
121010
121920
121022
119956
119274
120433
122231
119259
128049
128148
125346
121899
121985
120392
125536
121115
121437
120717
124429
126839
121710
121704
124677
121154
119291
123126
123858
126898
122520
125089
125448
124389
123555
122308
123296
120353
121234
118905
121423
122512
114379
121818
124397
142388
135435
1174916
125079
119056
122465
127631
124756
123346
123710
121721
121397
121171
112974
119531
124498
123364
121033
123432
117888
121866
121016
121225
121959
122998
124708
117608
117133
121315
123154
122869
121803
126825
118680
122606
123878
120370
121552
121104
119291
122910
126839
120113
122800
120932
120322
123169
121972
120525
173909
152162
120861
1145545
120240
123657
123840
