71238
72229
73992
76268
73976
70463
71670
73127
71692
72989
73440
72460
76490
74395
72860
72213
75915
74220
74974
71913
72785
73460
73147
75142
75421
74584
72044
72403
73977
73768
72933
75042
72042
72729
70912
71988
70522
72097
73515
74448
71287
73947
72838
72223
74650
73223
75043
74606
74082
73725
70648
70216
72783
82930
71511
72199
85290
72268
73874
74607
74203
72040
73064
73623
74070
70480
73464
72484
72942
75217
74248
72268
72856
70901
71929
72976
72426
74841
74147
74442
71946
73295
71746
73777
71551
73649
72375
74994
71537
73629
72377
73471
75144
73108
75679
80888
73615
74119
73470
72636
