213672
215623
212565
221800
224968
225450
227146
226567
226880
230091
227729
228622
221848
209054
216334
217794
228974
226180
225891
227069
228477
222765
225873
228282
225652
231218
229030
226764
224284
220962
217310
208852
211751
207904
231142
222964
228757
223555
234412
227581
223575
225858
225021
227162
223294
1294720
225738
227186
229004
225926
220568
221122
227674
228144
225313
226014
230776
224321
222731
228863
225438
221990
208164
210975
211993
228643
231168
228593
227392
226246
224499
226926
216545
222082
231330
224136
227026
227516
223051
223262
211756
209956
213287
217075
229626
230833
218753
235253
213484
221821
224286
224677
222887
221855
224249
1243563
226989
234894
220772
226251
