38297
39349
38130
46877
37957
41547
38897
37995
37808
38447
39592
39371
36650
39605
38347
38407
37868
38943
37010
39838
39352
40556
39029
38341
37353
37274
41200
38203
40068
39133
37120
38500
37540
36936
38420
39861
36664
39857
46367
38902
36810
38186
38347
36863
37030
42308
42790
37133
38649
37183
38930
38226
38669
37980
38496
36973
39312
37079
39164
39060
39491
41006
37011
41292
38651
38110
38048
39989
41052
38562
36296
41255
37147
41898
39208
39165
39867
38335
38855
45895
39211
39710
41992
39945
40291
38452
40438
40448
38888
40305
38153
40824
37836
37246
50334
41628
42791
39965
40298
38456
