45739
46536
45973
47525
45260
45676
52870
42957
46810
48212
44636
43473
51242
44483
43522
43360
45631
44429
40207
40806
48238
42840
38812
40399
43208
45770
38781
39895
44890
40376
46058
46197
45780
47722
46969
38850
40232
37815
43296
40573
39528
38982
37734
45531
40651
44496
41408
44694
45109
39064
40395
41972
38942
41014
40344
37094
45797
40740
41134
38622
40618
39870
38011
38611
38098
42264
37809
38383
62300
42624
38405
41396
40306
38125
38811
38432
38189
40370
38220
37483
41106
39613
39412
40123
39823
40296
39399
39132
42762
66496
37279
42712
38368
37294
39816
37773
41556
40633
38519
38177
