44418
44775
44384
44624
44363
43623
44260
43418
42751
44698
44595
45342
42458
43963
45001
45101
42546
42419
47071
45026
44383
42852
44421
42399
43172
45587
43507
42355
45882
45061
43772
42132
42787
42022
43798
44271
44534
42458
42271
43463
43402
43498
42698
42248
46725
44783
43769
42370
45246
43086
44838
44868
45437
42840
42009
41894
43525
43811
42715
43472
43468
41692
41939
43761
44338
45303
43212
42085
43710
43473
42794
42464
43277
43122
42258
47547
43439
46178
43342
42776
42369
43629
46231
42712
43867
46098
48298
43479
44760
1099181
42528
44727
42655
43540
44213
41756
41983
44130
44438
43659
