43556
43718
45551
45788
46238
44624
46782
45855
45502
44656
44937
45376
45638
44982
45631
46593
45657
44231
45112
45918
46324
45545
44945
46072
46009
46206
45620
45576
46257
46930
45750
45456
47614
46045
45424
45649
45482
46032
45812
43922
45485
45439
46449
45296
44724
46133
45565
45123
46102
46082
46326
45741
45408
46093
46738
46648
45772
46315
46200
45720
46145
45912
44764
45813
46439
46296
44485
46333
43290
42439
43624
44014
43549
42231
43235
42823
42819
43218
43246
42624
42546
43386
44144
45542
43218
43117
42812
43206
43151
42667
43210
42600
43124
43365
43270
44033
44306
44704
46400
45215
