194827
190674
185561
196013
195055
210755
198167
202422
201641
208250
200531
199370
202960
197081
205740
201294
205016
199795
199208
200822
202617
204661
199479
203092
201786
205291
199620
203864
203170
204034
198886
202404
204194
193080
193273
190961
198777
201924
202266
204156
200672
197305
202357
200735
200568
1228794
200294
201476
192716
192245
200159
205252
199992
205282
187142
189290
190160
184143
191757
201500
199795
202769
204698
203681
205149
205624
206904
202830
203912
204197
200185
199234
205192
205909
206705
199913
201992
209434
203393
203545
184452
183635
193697
203408
198058
196516
200910
198461
203753
200491
198524
201651
202215
199540
202266
1255564
206512
200057
190890
192316
