Seconds,Workers,Queries,Latency,Errors
1614382758,5,10,101.60,0
1614382759,5,20,105.50,0
1614382760,5,25,104.80,0
1614382761,5,35,103.60,0
1614382762,5,45,107.20,0
1614382763,5,50,101.60,0
1614382764,5,60,105.40,0
1614382765,5,69,103.00,0
1614382766,5,75,101.80,0
1614382767,5,85,101.70,0
1614382768,5,94,103.22,0
1614382769,5,100,107.17,0
1614382770,5,110,103.90,0
1614382771,5,118,108.12,0
1614382772,5,125,104.71,0
1614382773,5,135,102.00,0
1614382774,5,141,99.83,0
1614382775,5,150,100.43,0
1614382776,5,160,103.60,0
1614382777,5,165,103.60,0
1614382778,5,175,104.00,0
1614382779,5,185,101.40,0
1614382780,5,190,101.60,0
1614382781,5,200,102.78,0
1614382782,5,210,101.50,0
1614382783,5,215,102.80,0
1614382784,5,225,104.78,0
1614382785,5,235,103.30,0
1614382786,5,240,102.00,0
1614382787,5,250,104.20,0
1614382788,5,260,105.70,0
1614382789,5,265,102.40,0
1614382790,5,275,112.90,0
1614382791,5,285,102.10,0
1614382792,5,290,101.20,0
1614382793,5,300,104.00,0
1614382794,5,310,101.40,0
1614382795,5,315,105.00,0
1614382796,5,325,102.00,0
1614382797,5,333,104.00,0
1614382798,5,340,100.40,0
1614382799,5,350,100.50,0
1614382800,5,357,102.14,0
1614382801,5,365,101.00,0
1614382802,5,375,100.90,0
1614382803,5,382,103.14,0
1614382804,5,390,112.40,0
1614382805,5,400,102.80,0
1614382806,5,407,104.00,0
1614382807,5,415,102.12,0
1614382808,5,425,104.40,0
1614382809,5,431,105.17,0
1614382810,5,440,104.00,0
1614382811,5,450,105.40,0
1614382812,5,455,110.00,0
1614382813,5,465,102.22,0
1614382814,5,475,100.80,0
1614382815,5,480,103.00,0
1614382816,5,490,101.67,0
1614382817,10,500,101.40,0
1614382818,10,515,102.40,0
1614382819,10,535,104.53,0
1614382820,10,550,104.60,0
1614382821,10,565,104.60,0
1614382822,10,585,103.90,0
1614382823,10,600,103.40,0
1614382824,10,615,104.13,0
1614382825,10,635,105.95,0
1614382826,10,649,101.50,0
1614382827,10,665,103.60,0
1614382828,10,685,105.40,0
1614382829,10,696,103.64,0
1614382830,10,715,104.33,0
1614382831,10,735,102.75,0
1614382832,10,746,102.73,0
1614382833,10,765,104.29,0
1614382834,10,783,104.89,0
1614382835,10,795,104.00,0
1614382836,10,815,105.00,0
1614382837,10,832,103.24,0
1614382838,10,845,100.36,0
1614382839,10,865,103.33,0
1614382840,10,882,105.65,0
1614382841,10,895,105.46,0
1614382842,10,915,102.55,0
1614382843,10,930,103.33,0
1614382844,10,945,102.15,0
1614382845,10,965,101.75,0
1614382846,10,980,103.67,0
1614382847,10,995,101.36,0
1614382848,10,1015,102.15,0
1614382849,10,1029,105.00,0
1614382850,10,1045,104.14,0
1614382851,10,1065,102.60,0
1614382852,10,1079,102.43,0
1614382853,10,1095,103.79,0
1614382854,10,1115,103.45,0
1614382855,10,1128,105.23,0
1614382856,10,1145,106.00,0
1614382857,10,1164,104.95,0
1614382858,10,1178,101.69,0
1614382859,10,1195,105.76,0
1614382860,10,1213,101.67,0
1614382861,10,1227,106.25,0
1614382862,10,1245,103.78,0
1614382863,10,1262,103.94,0
1614382864,10,1276,108.33,0
1614382865,10,1295,101.44,0
1614382866,10,1312,105.18,0
1614382867,10,1326,105.29,0
1614382868,10,1345,106.63,0
1614382869,10,1361,102.94,0
1614382870,10,1376,101.07,0
1614382871,10,1395,104.79,0
1614382872,10,1410,104.07,0
1614382873,10,1425,102.93,0
1614382874,10,1445,103.74,0
1614382875,10,1460,102.33,0
1614382876,10,1475,102.47,0
1614382877,100,1495,107.37,0
1614382878,100,1690,109.89,0
1614382879,100,1885,104.32,0
1614382880,100,1995,104.08,0
1614382881,100,2189,104.51,0
1614382882,100,2385,102.95,0
1614382883,100,2495,103.80,0
1614382884,100,2686,104.82,0
1614382885,100,2880,102.57,0
1614382886,100,2993,103.05,0
1614382887,100,3186,102.59,0
1614382888,100,3370,103.15,0
1614382889,100,3493,103.50,0
1614382890,100,3686,104.01,0
1614382891,100,3854,102.86,0
1614382892,100,3993,102.79,0
1614382893,100,4186,102.77,0
1614382894,100,4336,103.27,0
1614382895,100,4491,102.09,0
1614382896,100,4686,104.64,0
1614382897,100,4825,102.86,0
1614382898,100,4991,103.32,0
1614382899,100,5185,102.61,0
1614382900,100,5313,102.34,0
1614382901,100,5490,102.97,0
1614382902,100,5685,102.02,0
1614382903,100,5807,102.81,0
1614382904,100,5990,103.32,0
1614382905,100,6184,103.63,0
1614382906,100,6302,103.26,0
1614382907,100,6487,102.26,0
1614382908,100,6684,103.27,0
1614382909,100,6800,103.09,0
1614382910,100,6987,103.58,0
1614382911,100,7181,103.37,0
1614382912,100,7295,103.49,0
1614382913,100,7486,103.22,0
1614382914,100,7679,103.49,0
1614382915,100,7794,102.90,0
1614382916,100,7986,102.73,0
1614382917,100,8173,104.26,0
1614382918,100,8293,103.57,0
1614382919,100,8486,103.35,0
1614382920,100,8664,104.19,0
1614382921,100,8791,105.16,0
1614382922,100,8986,103.86,0
1614382923,100,9154,103.44,0
1614382924,100,9290,104.81,0
1614382925,100,9486,103.89,0
1614382926,100,9639,103.37,0
1614382927,100,9790,103.94,0
1614382928,100,9986,103.51,0
1614382929,100,10126,103.58,0
1614382930,100,10289,104.54,0
1614382931,100,10486,103.91,0
1614382932,100,10614,104.01,0
1614382933,100,10788,105.01,0
1614382934,100,10982,104.11,0
1614382935,100,11107,103.90,0
1614382936,100,11288,103.68,0
1614382937,200,11479,102.63,0
1614382938,200,11804,105.50,0
1614382939,200,12187,104.84,0
1614382940,200,12475,103.68,0
1614382941,200,12801,104.18,0
1614382942,200,13187,103.90,0
1614382943,200,13471,103.32,0
1614382944,200,13796,103.03,0
1614382945,200,14184,103.48,0
1614382946,200,14465,102.98,0
1614382947,200,14795,103.69,0
1614382948,200,15180,103.51,0
1614382949,200,15459,102.75,0
1614382950,200,15793,102.99,0
1614382951,200,16168,103.77,0
1614382952,200,16449,104.66,0
1614382953,200,16790,104.33,0
1614382954,200,17148,104.15,0
1614382955,200,17439,103.42,0
1614382956,200,17789,105.31,0
1614382957,200,18127,103.35,0
1614382958,200,18429,103.39,0
1614382959,200,18789,103.39,0
1614382960,200,19116,102.98,0
1614382961,200,19423,103.41,0
1614382962,200,19789,103.63,0
1614382963,200,20100,102.95,0
1614382964,200,20416,103.30,0
1614382965,200,20789,103.01,0
1614382966,200,21092,102.91,0
1614382967,200,21410,103.52,0
1614382968,200,21788,103.37,0
1614382969,200,22079,103.76,0
1614382970,200,22408,103.75,0
1614382971,200,22784,102.99,0
1614382972,200,23072,104.05,0
1614382973,200,23399,103.36,0
1614382974,200,23777,104.06,0
1614382975,200,24064,104.92,0
1614382976,200,24398,103.02,0
1614382977,200,24772,103.17,0
1614382978,200,25058,103.78,0
1614382979,200,25392,103.17,0
1614382980,200,25765,103.25,0
1614382981,200,26052,103.84,0
1614382982,200,26392,103.20,0
1614382983,200,26750,103.55,0
1614382984,200,27038,103.62,0
1614382985,200,27390,103.36,0
1614382986,200,27735,103.36,0
1614382987,200,28033,102.69,0
1614382988,200,28388,103.16,0
1614382989,200,28722,103.26,0
1614382990,200,29024,103.77,0
1614382991,200,29387,103.71,0
1614382992,200,29716,103.37,0
1614382993,200,30019,103.08,0
1614382994,200,30386,102.80,0
1614382995,200,30707,102.82,0
1614382996,200,31010,102.96,0
1614382997,400,31379,112.05,0
1614382998,400,32087,108.54,0
1614382999,400,32802,103.11,0
1614383000,400,33379,102.72,0
1614383001,400,34079,103.41,0
1614383002,400,34796,103.93,0
1614383003,400,35377,103.29,0
1614383004,400,36064,104.30,0
1614383005,400,36774,104.32,0
1614383006,400,37372,103.58,0
1614383007,400,38059,103.37,0
1614383008,400,38758,103.58,0
1614383009,400,39367,103.55,0
1614383010,400,40049,103.98,0
1614383011,400,40727,103.37,0
1614383012,400,41358,103.02,0
1614383013,400,42043,103.34,0
1614383014,400,42692,103.44,0
1614383015,400,43349,103.03,0
1614383016,400,44030,103.57,0
1614383017,400,44661,103.52,0
1614383018,400,45340,104.22,0
1614383019,400,46024,103.31,0
1614383020,400,46631,103.63,0
1614383021,400,47327,104.36,0
1614383022,400,48017,103.70,0
1614383023,400,48610,104.00,0
1614383024,400,49306,103.66,0
1614383025,400,50008,104.26,0
1614383026,400,50597,104.48,0
1614383027,400,51294,103.83,0
1614383028,400,51996,103.72,0
1614383029,400,52586,105.44,0
1614383030,400,53278,103.73,0
1614383031,400,53982,103.52,0
1614383032,400,54577,103.94,0
1614383033,400,55263,103.20,0
1614383034,400,55965,103.15,0
1614383035,400,56566,103.92,0
1614383036,400,57251,103.59,0
1614383037,400,57944,103.04,0
1614383038,400,58559,103.58,0
1614383039,400,59245,103.29,0
1614383040,400,59919,103.46,0
1614383041,400,60549,102.26,0
1614383042,400,61241,103.14,0
1614383043,400,61881,103.02,0
1614383044,400,62543,103.37,0
1614383045,400,63234,103.28,0
1614383046,400,63862,103.98,0
1614383047,400,64534,104.28,0
1614383048,400,65224,103.36,0
1614383049,400,65838,103.72,0
1614383050,400,66530,103.56,0
1614383051,400,67218,104.11,0
1614383052,400,67826,103.67,0
1614383053,400,68514,103.29,0
1614383054,400,69210,103.01,0
1614383055,400,69810,103.19,0
1614383056,400,70502,102.95,0
1614383057,800,71101,162.10,0
1614383058,800,72486,184.74,0
1614383059,800,73586,105.51,0
1614383060,800,75092,104.78,0
1614383061,800,76402,104.58,0
1614383062,800,77577,104.28,0
1614383063,800,79080,104.55,0
1614383064,800,80335,104.25,0
1614383065,800,81571,104.58,0
1614383066,800,83071,104.29,0
1614383067,800,84287,104.13,0
1614383068,800,85561,105.82,0
1614383069,800,87055,104.03,0
1614383070,800,88238,102.96,0
1614383071,800,89552,103.92,0
1614383072,800,91044,103.95,0
1614383073,800,92198,104.00,0
1614383074,800,93538,104.25,0
1614383075,800,95006,104.13,0
1614383076,800,96153,103.49,0
1614383077,800,97527,104.00,0
1614383078,800,98811,127.22,0
1614383079,800,100108,104.73,0
1614383080,800,101516,103.59,0
1614383081,800,102793,103.67,0
1614383082,800,104072,103.64,0
1614383083,800,105503,103.66,0
1614383084,800,106753,103.63,0
1614383085,800,108042,103.80,0
1614383086,800,109484,103.75,0
1614383087,800,110717,103.40,0
1614383088,800,112016,104.34,0
1614383089,800,113429,103.84,0
1614383090,800,114683,103.52,0
1614383091,800,116001,103.10,0
1614383092,800,117375,104.06,0
1614383093,800,118644,104.44,0
1614383094,800,119982,104.63,0
1614383095,800,121330,104.40,0
1614383096,800,122611,104.66,0
1614383097,800,123968,103.88,0
1614383098,800,125296,103.23,0
1614383099,800,126588,104.61,0
1614383100,800,127952,103.94,0
1614383101,800,129264,103.67,0
1614383102,800,130549,103.45,0
1614383103,800,131941,103.82,0
1614383104,800,133238,103.70,0
1614383105,800,134530,103.37,0
1614383106,800,135924,103.88,0
1614383107,800,137203,103.79,0
1614383108,800,138502,103.60,0
1614383109,800,139530,160.13,0
1614383110,800,140695,272.59,0
1614383111,800,142024,103.97,0
1614383112,800,143520,103.65,0
1614383113,800,144679,103.79,0
1614383114,800,146012,104.93,0
1614383115,800,147491,104.11,0
1614383116,800,148651,103.96,0
1614383117,1500,149986,104.62,0
1614383118,1500,152518,170.72,0
1614383119,1500,153809,302.04,0
1614383120,1500,156447,251.77,0
1614383121,1500,158774,107.12,0
1614383122,1500,161287,108.27,0
1614383123,1500,163891,109.22,0
1614383124,1500,166217,105.22,0
1614383125,1500,168472,123.48,0
1614383126,1500,170092,388.48,0
1614383127,1500,172389,231.63,0
1614383128,1500,174887,106.56,0
1614383129,1500,177300,105.89,0
1614383130,1500,179811,106.94,0
1614383131,1500,182372,107.72,0
1614383132,1500,184746,113.07,0
1614383133,1500,187180,108.07,0
1614383134,1500,189638,106.09,0
1614383135,1500,192175,104.41,0
1614383136,1500,194621,104.57,0
1614383137,1500,197098,104.32,0
1614383138,1500,199601,104.48,0
1614383139,1500,202052,105.07,0
1614383140,1500,204542,108.11,0
1614383141,1500,206943,108.18,0
1614383142,1500,209460,105.65,0
1614383143,1500,211945,104.36,0
1614383144,1500,214414,104.54,0
1614383145,1500,216909,104.86,0
1614383146,1500,219382,104.76,0
1614383147,1500,221849,106.54,0
1614383148,1500,224302,108.98,0
1614383149,1500,226755,109.60,0
1614383150,1500,229231,107.71,0
1614383151,1500,231703,105.00,0
1614383152,1500,234184,104.83,0
1614383153,1500,236662,105.58,0
1614383154,1500,239123,105.33,0
1614383155,1500,241606,109.70,0
1614383156,1500,244024,109.40,0
1614383157,1500,245804,235.34,0
1614383158,1500,248056,231.25,0
1614383159,1500,250613,109.99,0
1614383160,1500,253057,110.55,0
1614383161,1500,255452,110.67,0
1614383162,1500,258067,106.60,0
1614383163,1500,260361,113.11,0
1614383164,1500,262698,148.57,0
1614383165,1500,264918,162.46,0
1614383166,1500,267384,131.48,0
1614383167,1500,269832,107.69,0
1614383168,1500,272311,106.86,0
1614383169,1500,274829,105.68,0
1614383170,1500,277274,104.24,0
1614383171,1500,279731,104.60,0
1614383172,1500,282234,109.35,0
1614383173,1500,284654,110.98,0
1614383174,1500,287112,111.15,0
1614383175,1500,289592,104.26,0
1614383176,1500,292075,105.35,0
1614383177,1700,294521,104.43,0
1614383178,1700,297422,114.03,0
1614383179,1700,299962,112.87,0
1614383180,1700,302659,165.89,0
1614383181,1700,305286,139.69,0
1614383182,1700,308000,160.27,0
1614383183,1700,310665,106.26,0
1614383184,1700,313570,107.45,0
1614383185,1700,316342,105.94,0
1614383186,1700,319091,105.52,0
1614383187,1700,321766,120.00,0
1614383188,1700,324478,143.92,0
1614383189,1700,327134,145.93,0
1614383190,1700,329798,136.46,0
1614383191,1700,332691,108.04,0
1614383192,1700,335344,106.52,0
1614383193,1700,338235,108.62,0
1614383194,1700,340994,105.26,0
1614383195,1700,343632,131.90,0
1614383196,1700,346346,133.02,0
1614383197,1700,348840,147.96,0
1614383198,1700,351692,125.77,0
1614383199,1700,354560,106.49,0
1614383200,1700,357255,106.35,0
1614383201,1700,360162,111.47,0
1614383202,1700,362837,105.58,0
1614383203,1700,365517,143.45,0
1614383204,1700,368138,136.83,0
1614383205,1700,370931,124.90,0
1614383206,1700,373719,105.26,0
1614383207,1700,376526,104.54,0
1614383208,1700,379366,106.13,0
1614383209,1700,382135,104.67,0
1614383210,1700,384838,123.36,0
1614383211,1700,387588,123.08,0
1614383212,1700,390258,136.39,0
1614383213,1700,393046,110.08,0
1614383214,1700,395851,105.61,0
1614383215,1700,398671,107.28,0
1614383216,1700,401459,104.59,0
1614383217,1700,404262,105.71,0
1614383218,1700,406974,125.43,0
1614383219,1700,409691,129.26,0
1614383220,1700,412444,119.15,0
1614383221,1700,415245,105.25,0
1614383222,1700,418035,105.42,0
1614383223,1700,420856,104.99,0
1614383224,1700,423657,104.84,0
1614383225,1700,426325,126.01,0
1614383226,1700,429053,125.71,0
1614383227,1700,431689,130.23,0
1614383228,1700,434527,120.32,0
1614383229,1700,437308,104.33,0
1614383230,1700,440125,105.70,0
1614383231,1700,442877,106.37,0
1614383232,1700,445714,106.03,0
1614383233,1700,448246,156.99,0
1614383234,1700,450788,159.39,0
1614383235,1700,453329,176.50,0
1614383236,1700,456170,115.32,0
1614383237,1750,458945,105.36,0
1614383238,1750,461865,114.00,0
1614383239,1750,464724,106.24,0
1614383240,1750,467541,113.11,0
1614383241,1750,470218,155.44,0
1614383242,1750,472861,140.26,0
1614383243,1750,475723,135.78,0
1614383244,1750,478646,107.84,0
1614383245,1750,481483,106.38,0
1614383246,1750,484394,110.19,0
1614383247,1750,487186,105.70,0
1614383248,1750,489796,154.70,0
1614383249,1750,492394,177.08,0
1614383250,1750,494981,164.21,0
1614383251,1750,497810,135.42,0
1614383252,1750,500734,105.50,0
1614383253,1750,503604,105.05,0
1614383254,1750,506451,104.61,0
1614383255,1750,509366,106.61,0
1614383256,1750,512047,141.53,0
1614383257,1750,514781,137.05,0
1614383258,1750,517492,158.72,0
1614383259,1750,520379,105.41,0
1614383260,1750,523266,105.20,0
1614383261,1750,526163,104.16,0
1614383262,1750,529057,104.59,0
1614383263,1750,531818,129.37,0
1614383264,1750,534495,144.05,0
1614383265,1750,537208,148.80,0
1614383266,1750,540093,118.12,0
1614383267,1750,542956,104.59,0
1614383268,1750,545861,104.87,0
1614383269,1750,548732,105.38,0
1614383270,1750,551600,105.19,0
1614383271,1750,554322,142.80,0
1614383272,1750,556974,137.25,0
1614383273,1750,559778,146.87,0
1614383274,1750,562692,105.29,0
1614383275,1750,565590,106.03,0
1614383276,1750,568462,104.33,0
1614383277,1750,571346,106.07,0
1614383278,1750,574094,125.81,0
1614383279,1750,576824,142.56,0
1614383280,1750,579522,150.61,0
1614383281,1750,582429,111.91,0
1614383282,1750,585299,105.18,0
1614383283,1750,588209,104.93,0
1614383284,1750,591102,104.80,0
1614383285,1750,593846,111.29,0
1614383286,1750,596560,150.45,0
1614383287,1750,599328,139.80,0
1614383288,1750,602161,125.06,0
1614383289,1750,605087,104.98,0
1614383290,1750,607941,106.96,0
1614383291,1750,610854,107.36,0
1614383292,1750,613657,107.68,0
1614383293,1750,616440,126.47,0
1614383294,1750,619153,143.00,0
1614383295,1750,621964,138.81,0
1614383296,1750,624840,107.13,0
1614383297,1800,627759,105.66,0
1614383298,1800,630706,104.79,0
1614383299,1800,633708,107.89,0
1614383300,1800,636450,123.87,0
1614383301,1800,639210,163.25,0
1614383302,1800,641883,171.72,0
1614383303,1800,644857,119.11,0
1614383304,1800,647799,110.31,0
1614383305,1800,650715,108.08,0
1614383306,1800,653758,106.58,0
1614383307,1800,656522,112.41,0
1614383308,1800,659109,202.20,0
1614383309,1800,661697,180.02,0
1614383310,1800,664608,151.30,0
1614383311,1800,667598,107.18,0
1614383312,1800,670510,105.61,0
1614383313,1800,673546,107.21,0
1614383314,1800,676480,106.00,0
1614383315,1800,679129,156.24,0
1614383316,1800,681847,161.10,0
1614383317,1800,684657,166.03,0
1614383318,1800,687548,110.97,0
1614383319,1800,690598,107.62,0
1614383320,1800,693478,106.15,0
1614383321,1800,696484,105.68,0
1614383322,1800,699235,133.90,0
1614383323,1800,701995,159.34,0
1614383324,1800,704668,166.08,0
1614383325,1800,707716,116.09,0
1614383326,1800,710586,107.63,0
1614383327,1800,713629,105.30,0
1614383328,1800,716590,104.36,0
1614383329,1800,719457,114.67,0
1614383330,1800,722204,153.75,0
1614383331,1800,724875,161.92,0
1614383332,1800,727829,126.30,0
1614383333,1800,730801,104.74,0
1614383334,1800,733809,106.06,0
1614383335,1800,736751,106.05,0
1614383336,1800,739635,113.23,0
1614383337,1800,742380,151.42,0
1614383338,1800,745174,149.03,0
1614383339,1800,747840,154.90,0
1614383340,1800,750948,113.86,0
1614383341,1800,753905,106.64,0
1614383342,1800,756744,113.67,0
1614383343,1800,759574,115.00,0
1614383344,1800,762330,166.59,0
1614383345,1800,765061,159.10,0
1614383346,1800,767961,131.86,0
1614383347,1800,770963,107.89,0
1614383348,1800,773920,106.18,0
1614383349,1800,776886,105.45,0
1614383350,1800,779742,108.65,0
1614383351,1800,782498,164.60,0
1614383352,1800,785227,149.55,0
1614383353,1800,788128,129.35,0
1614383354,1800,791133,105.76,0
1614383355,1800,794110,106.57,0
1614383356,1800,797069,104.84,0
1614383357,1850,800062,106.11,0
1614383358,1850,802800,162.35,0
1614383359,1850,805448,177.95,0
1614383360,1850,808231,171.64,0
1614383361,1850,811429,112.26,0
1614383362,1850,814357,106.69,0
1614383363,1850,817418,107.64,0
1614383364,1850,820240,119.96,0
1614383365,1850,823036,185.18,0
1614383366,1850,825703,188.57,0
1614383367,1850,828686,131.50,0
1614383368,1850,831783,106.67,0
1614383369,1850,834856,105.01,0
1614383370,1850,837882,104.83,0
1614383371,1850,840797,114.48,0
1614383372,1850,843522,176.01,0
1614383373,1850,846284,171.63,0
1614383374,1850,849307,138.33,0
1614383375,1850,852297,106.62,0
1614383376,1850,855383,106.45,0
1614383377,1850,858398,105.89,0
1614383378,1850,861268,120.72,0
1614383379,1850,863990,195.51,0
1614383380,1850,866655,175.93,0
1614383381,1850,869762,131.79,0
1614383382,1850,872748,107.86,0
1614383383,1850,875827,105.38,0
1614383384,1850,878859,104.57,0
1614383385,1850,881732,122.28,0
1614383386,1850,884515,163.82,0
1614383387,1850,887298,165.54,0
1614383388,1850,890399,117.91,0
1614383389,1850,893430,105.09,0
1614383390,1850,896489,104.77,0
1614383391,1850,899578,105.18,0
1614383392,1850,902415,125.46,0
1614383393,1850,905214,164.49,0
1614383394,1850,907922,180.84,0
1614383395,1850,911025,115.63,0
1614383396,1850,914044,105.77,0
1614383397,1850,917107,105.21,0
1614383398,1850,920175,105.78,0
1614383399,1850,923002,131.60,0
1614383400,1850,925777,163.17,0
1614383401,1850,928373,183.00,0
1614383402,1850,931501,126.89,0
1614383403,1850,934544,108.65,0
1614383404,1850,937551,107.18,0
1614383405,1850,940711,108.33,0
1614383406,1850,942566,255.28,0
1614383407,1850,944326,539.06,0
1614383408,1850,946875,314.22,0
1614383409,1850,950231,137.71,0
1614383410,1850,953057,109.58,0
1614383411,1850,956050,109.69,0
1614383412,1850,958614,163.29,0
1614383413,1850,961188,260.20,0
1614383414,1850,964194,139.81,0
1614383415,1850,967244,105.50,0
1614383416,1850,970227,105.50,0
1614383417,1900,973432,106.36,0
1614383418,1900,976235,126.16,0
1614383419,1900,978770,216.12,0
1614383420,1900,981737,205.46,0
1614383421,1900,984835,110.28,0
1614383422,1900,987993,106.95,0
1614383423,1900,991053,105.41,0
1614383424,1900,994192,106.70,0
1614383425,1900,996972,179.65,0
1614383426,1900,999594,192.11,0
1614383427,1900,1002704,142.07,0
1614383428,1900,1005846,106.17,0
1614383429,1900,1009032,107.61,0
1614383430,1900,1012121,105.17,0
1614383431,1900,1014907,136.40,0
1614383432,1900,1017754,189.60,0
1614383433,1900,1020528,184.54,0
1614383434,1900,1023700,112.28,0
1614383435,1900,1026850,107.90,0
1614383436,1900,1029938,106.66,0
1614383437,1900,1033097,105.31,0
1614383438,1900,1035920,161.09,0
1614383439,1900,1038588,184.79,0
1614383440,1900,1041303,283.24,0
1614383441,1900,1043946,135.88,0
1614383442,1900,1047369,111.75,0
1614383443,1900,1050285,111.74,0
1614383444,1900,1053398,112.01,0
1614383445,1900,1055995,215.76,0
1614383446,1900,1058616,201.98,0
1614383447,1900,1061622,161.95,0
1614383448,1900,1064824,108.07,0
1614383449,1900,1067925,106.02,0
1614383450,1900,1071065,106.43,0
1614383451,1900,1073991,116.33,0
1614383452,1900,1076604,198.82,0
1614383453,1900,1079204,233.66,0
1614383454,1900,1082488,132.12,0
1614383455,1900,1085510,106.95,0
1614383456,1900,1088673,110.03,0
1614383457,1900,1091826,106.26,0
1614383458,1900,1094598,157.01,0
1614383459,1900,1097421,173.82,0
1614383460,1900,1100339,176.61,0
1614383461,1900,1103419,109.02,0
1614383462,1900,1106602,105.97,0
1614383463,1900,1109674,105.52,0
1614383464,1900,1112873,105.71,0
1614383465,1900,1115614,178.22,0
1614383466,1900,1118374,178.37,0
1614383467,1900,1121339,159.75,0
1614383468,1900,1124516,107.51,0
1614383469,1900,1127580,105.39,0
1614383470,1900,1130774,106.24,0
1614383471,1900,1133738,107.45,0
1614383472,1900,1136471,202.81,0
1614383473,1900,1139166,196.52,0
1614383474,1900,1142130,169.03,0
1614383475,1900,1145237,106.63,0
1614383476,1900,1148342,105.38,0
1614383477,2000,1151585,110.42,0
1614383478,2000,1154753,108.20,0
1614383479,2000,1157409,242.52,0
1614383480,2000,1160018,227.48,0
1614383481,2000,1163119,194.49,0
1614383482,2000,1166481,108.61,0
1614383483,2000,1169687,105.60,0
1614383484,2000,1173026,107.40,0
1614383485,2000,1176058,121.23,0
1614383486,2000,1178803,229.38,0
1614383487,2000,1181556,229.02,0
1614383488,2000,1184888,131.12,0
1614383489,2000,1188117,107.51,0
1614383490,2000,1191462,106.96,0
1614383491,2000,1194749,105.26,0
1614383492,2000,1197515,180.43,0
1614383493,2000,1200256,223.57,0
1614383494,2000,1203248,212.43,0
1614383495,2000,1206471,110.77,0
1614383496,2000,1209844,107.52,0
1614383497,2000,1213053,107.26,0
1614383498,2000,1216335,108.24,0
1614383499,2000,1219080,208.51,0
1614383500,2000,1221808,212.94,0
1614383501,2000,1224938,178.44,0
1614383502,2000,1228293,108.19,0
1614383503,2000,1231510,106.23,0
1614383504,2000,1234815,107.45,0
1614383505,2000,1237800,121.77,0
1614383506,2000,1240681,222.43,0
1614383507,2000,1243419,241.96,0
1614383508,2000,1246718,118.13,0
1614383509,2000,1249892,108.49,0
1614383510,2000,1253286,111.78,0
1614383511,2000,1256539,107.92,0
1614383512,2000,1259239,197.94,0
1614383513,2000,1261915,227.70,0
1614383514,2000,1265044,197.84,0
1614383515,2000,1268269,110.18,0
1614383516,2000,1271553,111.01,0
1614383517,2000,1274686,119.06,0
1614383518,2000,1277841,127.53,0
1614383519,2000,1280524,225.33,0
1614383520,2000,1283179,241.01,0
1614383521,2000,1286321,185.20,0
1614383522,2000,1289656,111.10,0
1614383523,2000,1292882,105.45,0
1614383524,2000,1296248,107.46,0
1614383525,2000,1299198,126.85,0
1614383526,2000,1301953,229.13,0
1614383527,2000,1304708,229.87,0
1614383528,2000,1308054,134.99,0
1614383529,2000,1311284,106.14,0
1614383530,2000,1314634,106.37,0
1614383531,2000,1317914,105.32,0
1614383532,2000,1320657,180.20,0
1614383533,2000,1323408,221.10,0
1614383534,2000,1326426,217.89,0
1614383535,2000,1329636,108.53,0
1614383536,2000,1332943,106.88,0
1614383537,2050,1336290,110.92,0
1614383538,2050,1339481,113.44,0
1614383539,2050,1342230,233.60,0
1614383540,2050,1344982,234.58,0
1614383541,2050,1348227,160.65,0
1614383542,2050,1351608,110.43,0
1614383543,2050,1354971,108.73,0
1614383544,2050,1358355,108.57,0
1614383545,2050,1361135,188.31,0
1614383546,2050,1363972,236.56,0
1614383547,2050,1366835,229.80,0
1614383548,2050,1370234,118.36,0
1614383549,2050,1373599,108.71,0
1614383550,2050,1376948,108.61,0
1614383551,2050,1380253,109.22,0
1614383552,2050,1382955,226.36,0
1614383553,2050,1385587,248.34,0
1614383554,2050,1388712,219.01,0
1614383555,2050,1392075,111.12,0
1614383556,2050,1395403,109.14,0
1614383557,2050,1398854,107.76,0
1614383558,2050,1401809,136.56,0
1614383559,2050,1404538,252.91,0
1614383560,2050,1407302,244.01,0
1614383561,2050,1410640,152.47,0
1614383562,2050,1413993,109.52,0
1614383563,2050,1417411,107.99,0
1614383564,2050,1420689,108.19,0
1614383565,2050,1423379,218.01,0
1614383566,2050,1426224,224.87,0
1614383567,2050,1429301,216.82,0
1614383568,2050,1432550,111.04,0
1614383569,2050,1435967,111.35,0
1614383570,2050,1439296,109.59,0
1614383571,2050,1442329,130.90,0
1614383572,2050,1445095,238.90,0
1614383573,2050,1447598,244.94,0
1614383574,2050,1451108,187.54,0
1614383575,2050,1454348,112.16,0
1614383576,2050,1457780,110.47,0
1614383577,2050,1460993,111.27,0
1614383578,2050,1463653,221.47,0
1614383579,2050,1466423,261.85,0
1614383580,2050,1469586,185.14,0
1614383581,2050,1473009,109.02,0
1614383582,2050,1476288,107.93,0
1614383583,2050,1479753,110.02,0
1614383584,2050,1482600,152.18,0
1614383585,2050,1485396,231.81,0
1614383586,2050,1488153,250.40,0
1614383587,2050,1491563,148.59,0
1614383588,2050,1494819,111.58,0
1614383589,2050,1498279,110.32,0
1614383590,2050,1501541,117.65,0
1614383591,2050,1504184,244.70,0
1614383592,2050,1506965,229.98,0
1614383593,2050,1510022,219.79,0
1614383594,2050,1513301,110.81,0
1614383595,2050,1516699,109.57,0
1614383596,2050,1520061,112.05,0
1614383597,2100,1523090,125.50,0
1614383598,2100,1525817,262.24,0
1614383599,2100,1528469,306.90,0
1614383600,2100,1531856,159.28,0
1614383601,2100,1535282,107.15,0
1614383602,2100,1538811,106.69,0
1614383603,2100,1542214,108.22,0
1614383604,2100,1544869,227.59,0
1614383605,2100,1547585,264.25,0
1614383606,2100,1550751,238.32,0
1614383607,2100,1554081,111.54,0
1614383608,2100,1557608,109.13,0
1614383609,2100,1560959,113.92,0
1614383610,2100,1563943,141.86,0
1614383611,2100,1566686,271.85,0
1614383612,2100,1569454,266.53,0
1614383613,2100,1572834,158.10,0
1614383614,2100,1576293,109.87,0
1614383615,2100,1579763,108.92,0
1614383616,2100,1583167,116.58,0
1614383617,2100,1585810,237.12,0
1614383618,2100,1588553,251.94,0
1614383619,2100,1591652,249.03,0
1614383620,2100,1594922,119.52,0
1614383621,2100,1598477,111.56,0
1614383622,2100,1601870,106.51,0
1614383623,2100,1605068,118.89,0
1614383624,2100,1607805,272.87,0
1614383625,2100,1610398,257.42,0
1614383626,2100,1613665,198.65,0
1614383627,2100,1617239,114.32,0
1614383628,2100,1620523,113.69,0
1614383629,2100,1623999,113.12,0
1614383630,2100,1626783,181.00,0
1614383631,2100,1629623,266.18,0
1614383632,2100,1632454,265.97,0
1614383633,2100,1635934,119.03,0
1614383634,2100,1639384,107.48,0
1614383635,2100,1642764,108.54,0
1614383636,2100,1646011,118.67,0
1614383637,2100,1648789,258.95,0
1614383638,2100,1651507,258.43,0
1614383639,2100,1654710,193.90,0
1614383640,2100,1658247,114.15,0
1614383641,2100,1661608,107.45,0
1614383642,2100,1665081,109.89,0
1614383643,2100,1667858,178.49,0
1614383644,2100,1670699,262.54,0
1614383645,2100,1673526,269.11,0
1614383646,2100,1676978,121.39,0
1614383647,2100,1680450,108.87,0
1614383648,2100,1683834,108.46,0
1614383649,2100,1686949,118.46,0
1614383650,2100,1689783,268.51,0
1614383651,2100,1692403,270.90,0
1614383652,2100,1695684,179.78,0
1614383653,2100,1699242,113.61,0
1614383654,2100,1702602,108.43,0
1614383655,2100,1706080,107.50,0
1614383656,2100,1708745,224.73,0
1614383657,2150,1711442,280.54,0
1614383658,2150,1714460,287.53,0
1614383659,2150,1717882,119.30,0
1614383660,2150,1721422,110.93,0
1614383661,2150,1724909,107.55,0
1614383662,2150,1727879,139.76,0
1614383663,2150,1730735,293.24,0
1614383664,2150,1733253,287.41,0
1614383665,2150,1736817,180.09,0
1614383666,2150,1740249,116.47,0
1614383667,2150,1743832,111.49,0
1614383668,2150,1747062,117.24,0
1614383669,2150,1749815,285.54,0
1614383670,2150,1752413,280.47,0
1614383671,2150,1756080,164.64,0
1614383672,2150,1759493,111.66,0
1614383673,2150,1763081,112.25,0
1614383674,2150,1766450,110.70,0
1614383675,2150,1769096,264.28,0
1614383676,2150,1771849,271.74,0
1614383677,2150,1774901,285.01,0
1614383678,2150,1778259,124.57,0
1614383679,2150,1781833,114.46,0
1614383680,2150,1785262,114.20,0
1614383681,2150,1787932,237.88,0
1614383682,2150,1790803,267.71,0
1614383683,2150,1793886,250.66,0
1614383684,2150,1797244,118.54,0
1614383685,2150,1800874,114.54,0
1614383686,2150,1804319,109.25,0
1614383687,2150,1807242,152.31,0
1614383688,2150,1809994,290.86,0
1614383689,2150,1812822,306.31,0
1614383690,2150,1816452,126.35,0
1614383691,2150,1819893,108.54,0
1614383692,2150,1823427,108.41,0
1614383693,2150,1826544,122.75,0
1614383694,2150,1829258,284.85,0
1614383695,2150,1832114,278.43,0
1614383696,2150,1835616,160.50,0
1614383697,2150,1839082,110.24,0
1614383698,2150,1842650,109.01,0
1614383699,2150,1846177,107.24,0
1614383700,2150,1848826,245.95,0
1614383701,2150,1851510,264.32,0
1614383702,2150,1854770,224.23,0
1614383703,2150,1858301,122.70,0
1614383704,2150,1861829,111.18,0
1614383705,2150,1865391,110.04,0
1614383706,2150,1868173,201.22,0
1614383707,2150,1870915,281.23,0
1614383708,2150,1874090,231.88,0
1614383709,2150,1877614,112.30,0
1614383710,2150,1881129,107.95,0
1614383711,2150,1884647,112.87,0
1614383712,2150,1887540,169.43,0
1614383713,2150,1890339,288.81,0
1614383714,2150,1892858,293.59,0
1614383715,2150,1896525,181.46,0
1614383716,2150,1899921,111.65,0
1614383717,2200,1903573,114.44,0
1614383718,2200,1906678,132.59,0
1614383719,2200,1909425,299.11,0
1614383720,2200,1912240,291.80,0
1614383721,2200,1915731,168.27,0
1614383722,2200,1919333,111.37,0
1614383723,2200,1922966,110.04,0
1614383724,2200,1926443,112.37,0
1614383725,2200,1929120,277.07,0
1614383726,2200,1931925,278.26,0
1614383727,2200,1934992,283.03,0
1614383728,2200,1938411,134.62,0
1614383729,2200,1942070,116.63,0
1614383730,2200,1945640,108.45,0
1614383731,2200,1948392,201.63,0
1614383732,2200,1951160,304.04,0
1614383733,2200,1954250,286.40,0
1614383734,2200,1957723,120.84,0
1614383735,2200,1961438,117.61,0
1614383736,2200,1964932,113.01,0
1614383737,2200,1967960,145.64,0
1614383738,2200,1970788,306.84,0
1614383739,2200,1973592,291.88,0
1614383740,2200,1977323,142.58,0
1614383741,2200,1980852,110.38,0
1614383742,2200,1984479,109.10,0
1614383743,2200,1987700,119.01,0
1614383744,2200,1990453,300.10,0
1614383745,2200,1993181,295.69,0
1614383746,2200,1996703,181.99,0
1614383747,2200,2000342,114.35,0
1614383748,2200,2003847,112.33,0
1614383749,2200,2007303,120.93,0
1614383750,2200,2010104,270.30,0
1614383751,2200,2012809,287.14,0
1614383752,2200,2016286,185.72,0
1614383753,2200,2019912,110.86,0
1614383754,2200,2023511,109.05,0
1614383755,2200,2027085,110.85,0
1614383756,2200,2029715,251.51,0
1614383757,2200,2032526,289.19,0
1614383758,2200,2035838,240.09,0
1614383759,2200,2039268,116.80,0
1614383760,2200,2042881,121.48,0
1614383761,2200,2046474,109.85,0
1614383762,2200,2049271,182.31,0
1614383763,2200,2052126,301.14,0
1614383764,2200,2055250,277.12,0
1614383765,2200,2058658,119.61,0
1614383766,2200,2062361,116.50,0
1614383767,2200,2065875,109.60,0
1614383768,2200,2068915,145.13,0
1614383769,2200,2071803,294.54,0
1614383770,2200,2074612,286.33,0
1614383771,2200,2078326,145.04,0
1614383772,2200,2081803,113.07,0
1614383773,2200,2085461,111.22,0
1614383774,2200,2088713,119.04,0
1614383775,2200,2091463,296.60,0
1614383776,2200,2094234,310.06,0
1614383777,2250,2097656,180.07,0
1614383778,2250,2101362,115.29,0
1614383779,2250,2105015,111.80,0
1614383780,2250,2108453,116.47,0
1614383781,2250,2111128,302.67,0
1614383782,2250,2113887,321.11,0
1614383783,2250,2117245,212.39,0
1614383784,2250,2120996,124.64,0
1614383785,2250,2124648,110.28,0
1614383786,2250,2128308,110.49,0
1614383787,2250,2130849,274.45,0
1614383788,2250,2133521,338.11,0
1614383789,2250,2136847,251.86,0
1614383790,2250,2140484,129.05,0
1614383791,2250,2144064,118.02,0
1614383792,2250,2147817,111.85,0
1614383793,2250,2150510,248.24,0
1614383794,2250,2153214,303.06,0
1614383795,2250,2156626,247.99,0
1614383796,2250,2160198,123.84,0
1614383797,2250,2163898,114.65,0
1614383798,2250,2167570,111.09,0
1614383799,2250,2170281,233.22,0
1614383800,2250,2172992,316.95,0
1614383801,2250,2176227,285.87,0
1614383802,2250,2179839,117.68,0
1614383803,2250,2183593,112.56,0
1614383804,2250,2187250,107.87,0
1614383805,2250,2190119,202.48,0
1614383806,2250,2192861,303.20,0
1614383807,2250,2196127,276.42,0
1614383808,2250,2199707,116.05,0
1614383809,2250,2203349,123.65,0
1614383810,2250,2207045,112.36,0
1614383811,2250,2209750,218.49,0
1614383812,2250,2212546,320.85,0
1614383813,2250,2215837,275.98,0
1614383814,2250,2219362,123.71,0
1614383815,2250,2223084,112.69,0
1614383816,2250,2226741,108.85,0
1614383817,2250,2229802,148.62,0
1614383818,2250,2232635,318.36,0
1614383819,2250,2235605,314.26,0
1614383820,2250,2239198,132.38,0
1614383821,2250,2242848,113.75,0
1614383822,2250,2246541,109.95,0
1614383823,2250,2249687,138.09,0
1614383824,2250,2252524,320.24,0
1614383825,2250,2255362,294.88,0
1614383826,2250,2259099,144.19,0
1614383827,2250,2262697,112.07,0
1614383828,2250,2266361,116.25,0
1614383829,2250,2269510,136.18,0
1614383830,2250,2272295,326.09,0
1614383831,2250,2274674,349.56,0
1614383832,2250,2278347,203.25,0
1614383833,2250,2281971,128.00,0
1614383834,2250,2285665,110.55,0
1614383835,2250,2288681,140.74,0
1614383836,2250,2291579,318.40,0
1614383837,2300,2294400,316.68,0
1614383838,2300,2298144,152.23,0
1614383839,2300,2301894,111.59,0
1614383840,2300,2305656,114.16,0
1614383841,2300,2308695,145.40,0
1614383842,2300,2311549,350.74,0
1614383843,2300,2314239,347.43,0
1614383844,2300,2318022,160.10,0
1614383845,2300,2321736,114.76,0
1614383846,2300,2325515,110.50,0
1614383847,2300,2328626,146.73,0
1614383848,2300,2331338,342.60,0
1614383849,2300,2334123,357.47,0
1614383850,2300,2337701,188.95,0
1614383851,2300,2341488,117.41,0
1614383852,2300,2345230,110.41,0
1614383853,2300,2348652,120.84,0
1614383854,2300,2351378,321.83,0
1614383855,2300,2354194,314.73,0
1614383856,2300,2357658,216.11,0
1614383857,2300,2361489,124.99,0
1614383858,2300,2365152,116.20,0
1614383859,2300,2368758,114.05,0
1614383860,2300,2371418,309.31,0
1614383861,2300,2374130,339.82,0
1614383862,2300,2377512,255.06,0
1614383863,2300,2381137,128.04,0
1614383864,2300,2384944,115.89,0
1614383865,2300,2388623,113.10,0
1614383866,2300,2391390,273.13,0
1614383867,2300,2394083,318.89,0
1614383868,2300,2397417,280.26,0
1614383869,2300,2401052,119.39,0
1614383870,2300,2404793,118.94,0
1614383871,2300,2408542,121.85,0
1614383872,2300,2411206,230.21,0
1614383873,2300,2414076,336.36,0
1614383874,2300,2417281,303.86,0
1614383875,2300,2420853,124.01,0
1614383876,2300,2424641,113.31,0
1614383877,2300,2428435,109.71,0
1614383878,2300,2431108,233.29,0
1614383879,2300,2433955,326.55,0
1614383880,2300,2437275,269.64,0
1614383881,2300,2440988,121.98,0
1614383882,2300,2444799,111.67,0
1614383883,2300,2448534,107.97,0
1614383884,2300,2451271,258.95,0
1614383885,2300,2454028,317.63,0
1614383886,2300,2456953,388.27,0
1614383887,2300,2460591,144.69,0
1614383888,2300,2464157,122.03,0
1614383889,2300,2467929,116.22,0
1614383890,2300,2470692,260.71,0
1614383891,2300,2473439,321.26,0
1614383892,2300,2476646,310.48,0
1614383893,2300,2480174,126.08,0
1614383894,2300,2483953,114.76,0
1614383895,2300,2487739,110.55,0
1614383896,2300,2490326,277.82,0
1614383897,2350,2493026,324.19,0
1614383898,2350,2496441,288.22,0
1614383899,2350,2500124,129.86,0
1614383900,2350,2504015,122.23,0
1614383901,2350,2507701,124.64,0
1614383902,2350,2510287,301.82,0
1614383903,2350,2513015,352.99,0
1614383904,2350,2516484,258.28,0
1614383905,2350,2520258,127.71,0
1614383906,2350,2524029,123.37,0
1614383907,2350,2527879,113.57,0
1614383908,2350,2530395,285.03,0
1614383909,2350,2533334,343.64,0
1614383910,2350,2536588,312.92,0
1614383911,2350,2540234,129.81,0
1614383912,2350,2544011,117.13,0
1614383913,2350,2547855,113.56,0
1614383914,2350,2550502,292.01,0
1614383915,2350,2553264,338.06,0
1614383916,2350,2556463,316.38,0
1614383917,2350,2560146,140.41,0
1614383918,2350,2563924,120.53,0
1614383919,2350,2567771,119.76,0
1614383920,2350,2570294,287.08,0
1614383921,2350,2573126,343.48,0
1614383922,2350,2576524,271.19,0
1614383923,2350,2580310,124.37,0
1614383924,2350,2584167,115.64,0
1614383925,2350,2587878,109.29,0
1614383926,2350,2590525,307.00,0
1614383927,2350,2593256,344.11,0
1614383928,2350,2596750,262.97,0
1614383929,2350,2600397,141.69,0
1614383930,2350,2604220,118.90,0
1614383931,2350,2608053,109.80,0
1614383932,2350,2610648,320.88,0
1614383933,2350,2613426,324.72,0
1614383934,2350,2616844,255.24,0
1614383935,2350,2620693,121.57,0
1614383936,2350,2624496,119.50,0
1614383937,2350,2628207,111.25,0
1614383938,2350,2630894,311.89,0
1614383939,2350,2633472,356.64,0
1614383940,2350,2636889,296.38,0
1614383941,2350,2640568,138.22,0
1614383942,2350,2644378,118.40,0
1614383943,2350,2648140,122.11,0
1614383944,2350,2650791,276.83,0
1614383945,2350,2653569,348.50,0
1614383946,2350,2656930,289.79,0
1614383947,2350,2660601,129.70,0
1614383948,2350,2664417,117.88,0
1614383949,2350,2668253,114.17,0
1614383950,2350,2671123,201.14,0
1614383951,2350,2674007,355.97,0
1614383952,2350,2676946,357.54,0
1614383953,2350,2680689,155.09,0
1614383954,2350,2684380,114.57,0
1614383955,2350,2688243,111.31,0
1614383956,2350,2691116,196.54,0
1614383957,2400,2693945,356.47,0
1614383958,2400,2697230,327.89,0
1614383959,2400,2700957,138.32,0
1614383960,2400,2704823,116.98,0
1614383961,2400,2708732,116.50,0
1614383962,2400,2711429,254.52,0
1614383963,2400,2714253,380.56,0
1614383964,2400,2717640,306.61,0
1614383965,2400,2721302,137.24,0
1614383966,2400,2725171,117.38,0
1614383967,2400,2729076,121.03,0
1614383968,2400,2731720,270.52,0
1614383969,2400,2734496,375.40,0
1614383970,2400,2737838,319.30,0
1614383971,2400,2741578,134.38,0
1614383972,2400,2745492,115.02,0
1614383973,2400,2749349,114.72,0
1614383974,2400,2751939,305.69,0
1614383975,2400,2754872,356.00,0
1614383976,2400,2758270,265.95,0
1614383977,2400,2762109,125.66,0
1614383978,2400,2765949,124.60,0
1614383979,2400,2769726,119.69,0
1614383980,2400,2772360,332.22,0
1614383981,2400,2775062,351.09,0
1614383982,2400,2778489,286.35,0
1614383983,2400,2782341,138.73,0
1614383984,2400,2786277,117.88,0
1614383985,2400,2789962,117.31,0
1614383986,2400,2792574,328.30,0
1614383987,2400,2795391,366.14,0
1614383988,2400,2798993,228.59,0
1614383989,2400,2802888,132.83,0
1614383990,2400,2806753,120.37,0
1614383991,2400,2810065,139.32,0
1614383992,2400,2812887,355.20,0
1614383993,2400,2815460,400.27,0
1614383994,2400,2819340,200.41,0
1614383995,2400,2823211,125.17,0
1614383996,2400,2827148,114.70,0
1614383997,2400,2830387,145.12,0
1614383998,2400,2833137,381.36,0
1614383999,2400,2835802,359.53,0
1614384000,2400,2839625,211.82,0
1614384001,2400,2843441,132.33,0
1614384002,2400,2847289,133.21,0
1614384003,2400,2850577,138.93,0
1614384004,2400,2853373,364.12,0
1614384005,2400,2855928,371.89,0
1614384006,2400,2859834,220.67,0
1614384007,2400,2863634,136.03,0
1614384008,2400,2867549,113.29,0
1614384009,2400,2870564,181.68,0
1614384010,2400,2873382,375.05,0
1614384011,2400,2876369,361.35,0
1614384012,2400,2880125,172.32,0
1614384013,2400,2883941,123.16,0
1614384014,2400,2887708,136.68,0
1614384015,2400,2890786,206.97,0
1614384016,2400,2893314,396.58,0
1614384017,2450,2896546,356.74,0
1614384018,2450,2900259,157.76,0
1614384019,2450,2904116,128.46,0
1614384020,2450,2908109,118.93,0
1614384021,2450,2910860,240.83,0
1614384022,2450,2913662,391.62,0
1614384023,2450,2916796,381.11,0
1614384024,2450,2920303,194.21,0
1614384025,2450,2924003,178.75,0
1614384026,2450,2927888,134.00,0
1614384027,2450,2930916,197.97,0
1614384028,2450,2933622,408.32,0
1614384029,2450,2936649,381.76,0
1614384030,2450,2940394,169.46,0
1614384031,2450,2944379,124.56,0
1614384032,2450,2948343,116.03,0
1614384033,2450,2951107,224.60,0
1614384034,2450,2954032,392.81,0
1614384035,2450,2957039,360.66,0
1614384036,2450,2960877,174.24,0
1614384037,2450,2964741,133.38,0
1614384038,2450,2968700,117.52,0
1614384039,2450,2971275,314.17,0
1614384040,2450,2973980,375.00,0
1614384041,2450,2977537,317.74,0
1614384042,2450,2981313,144.62,0
1614384043,2450,2985199,122.59,0
1614384044,2450,2989149,120.29,0
1614384045,2450,2991746,314.32,0
1614384046,2450,2994646,382.24,0
1614384047,2450,2998078,296.44,0
1614384048,2450,3001744,153.32,0
1614384049,2450,3005712,124.71,0
1614384050,2450,3009425,120.01,0
1614384051,2450,3012123,330.57,0
1614384052,2450,3014796,423.60,0
1614384053,2450,3018340,267.00,0
1614384054,2450,3022294,133.38,0
1614384055,2450,3026200,128.12,0
1614384056,2450,3029764,129.08,0
1614384057,2450,3032506,366.03,0
1614384058,2450,3035213,373.30,0
1614384059,2450,3038947,230.60,0
1614384060,2450,3042900,136.92,0
1614384061,2450,3046812,124.36,0
1614384062,2450,3050178,140.36,0
1614384063,2450,3052892,384.02,0
1614384064,2450,3055707,378.94,0
1614384065,2450,3059417,212.03,0
1614384066,2450,3063376,138.11,0
1614384067,2450,3067321,120.91,0
1614384068,2450,3070244,184.71,0
1614384069,2450,3073169,401.72,0
1614384070,2450,3076100,364.96,0
1614384071,2450,3079907,176.72,0
1614384072,2450,3083856,130.87,0
1614384073,2450,3087801,121.44,0
1614384074,2450,3090777,196.05,0
1614384075,2450,3093603,412.33,0
1614384076,2450,3096512,387.45,0
1614384077,2500,3100424,160.82,0
1614384078,2500,3104323,135.57,0
1614384079,2500,3108282,132.94,0
1614384080,2500,3110953,247.92,0
1614384081,2500,3113860,412.90,0
1614384082,2500,3116921,391.00,0
1614384083,2500,3120795,170.39,0
1614384084,2500,3124676,145.97,0
1614384085,2500,3128586,129.09,0
1614384086,2500,3131348,230.04,0
1614384087,2500,3134274,414.71,0
1614384088,2500,3137293,397.54,0
1614384089,2500,3141202,166.13,0
1614384090,2500,3145157,138.08,0
1614384091,2500,3149090,130.47,0
1614384092,2500,3151924,211.12,0
1614384093,2500,3154734,409.61,0
1614384094,2500,3157821,389.58,0
1614384095,2500,3161770,171.96,0
1614384096,2500,3165760,137.22,0
1614384097,2500,3169688,131.65,0
1614384098,2500,3172657,233.77,0
1614384099,2500,3175411,407.86,0
1614384100,2500,3178567,377.65,0
1614384101,2500,3182385,160.54,0
1614384102,2500,3186321,140.75,0
1614384103,2500,3190234,134.82,0
1614384104,2500,3192970,239.10,0
1614384105,2500,3195919,408.63,0
1614384106,2500,3199180,382.05,0
1614384107,2500,3202911,162.18,0
1614384108,2500,3206850,127.88,0
1614384109,2500,3210839,124.73,0
1614384110,2500,3213554,272.26,0
1614384111,2500,3216345,433.35,0
1614384112,2500,3219595,365.57,0
1614384113,2500,3223394,162.56,0
1614384114,2500,3227297,134.78,0
1614384115,2500,3231296,125.84,0
1614384116,2500,3233843,308.57,0
1614384117,2500,3236574,440.66,0
1614384118,2500,3239999,342.27,0
1614384119,2500,3243812,149.35,0
1614384120,2500,3247777,127.07,0
1614384121,2500,3251518,128.34,0
1614384122,2500,3254205,365.86,0
1614384123,2500,3257008,385.43,0
1614384124,2500,3260792,229.85,0
1614384125,2500,3264792,140.38,0
1614384126,2500,3268828,124.62,0
1614384127,2500,3271871,186.52,0
1614384128,2500,3274618,414.81,0
1614384129,2500,3278028,355.12,0
1614384130,2500,3281837,152.56,0
1614384131,2500,3285782,130.15,0
1614384132,2500,3289809,130.98,0
1614384133,2500,3292446,299.47,0
1614384134,2500,3295373,384.88,0
1614384135,2500,3298910,290.59,0
1614384136,2500,3302917,137.63,0
1614384137,2550,3306938,125.55,0
1614384138,2550,3310393,147.91,0
1614384139,2550,3313308,406.89,0
1614384140,2550,3316025,377.00,0
1614384141,2550,3319958,219.99,0
1614384142,2550,3324053,141.31,0
1614384143,2550,3328074,127.06,0
1614384144,2550,3331071,199.28,0
1614384145,2550,3334070,420.07,0
1614384146,2550,3337402,356.96,0
1614384147,2550,3341223,158.11,0
1614384148,2550,3345230,136.39,0
1614384149,2550,3349130,134.34,0
1614384150,2550,3351787,361.95,0
1614384151,2550,3354666,383.77,0
1614384152,2550,3358432,242.45,0
1614384153,2550,3362433,153.36,0
1614384154,2550,3366483,128.16,0
1614384155,2550,3369684,170.96,0
1614384156,2550,3372599,425.21,0
1614384157,2550,3375728,377.33,0
1614384158,2550,3379577,178.35,0
1614384159,2550,3383516,138.93,0
1614384160,2550,3387558,139.80,0
1614384161,2550,3390257,300.96,0
1614384162,2550,3393009,456.27,0
1614384163,2550,3396609,286.58,0
1614384164,2550,3400465,154.38,0
1614384165,2550,3404494,140.91,0
1614384166,2550,3408080,136.90,0
1614384167,2550,3410886,400.74,0
1614384168,2550,3413622,414.17,0
1614384169,2550,3417354,232.16,0
1614384170,2550,3421435,152.56,0
1614384171,2550,3425423,139.66,0
1614384172,2550,3428395,200.41,0
1614384173,2550,3431369,416.54,0
1614384174,2550,3434756,357.86,0
1614384175,2550,3438567,159.88,0
1614384176,2550,3442535,138.72,0
1614384177,2550,3446539,132.12,0
1614384178,2550,3449111,341.38,0
1614384179,2550,3451903,405.07,0
1614384180,2550,3455608,273.48,0
1614384181,2550,3459639,150.38,0
1614384182,2550,3463732,127.86,0
1614384183,2550,3467138,150.50,0
1614384184,2550,3469939,416.75,0
1614384185,2550,3472901,377.48,0
1614384186,2550,3476928,181.98,0
1614384187,2550,3480945,141.10,0
1614384188,2550,3484987,126.67,0
1614384189,2550,3487812,275.16,0
1614384190,2550,3490594,415.18,0
1614384191,2550,3494177,313.07,0
1614384192,2550,3498080,154.71,0
1614384193,2550,3502162,134.75,0
1614384194,2550,3505644,145.36,0
1614384195,2550,3508480,409.50,0
1614384196,2550,3511386,389.38,0
1614384197,2600,3515244,195.37,0
1614384198,2600,3519296,154.74,0
1614384199,2600,3523406,138.72,0
1614384200,2600,3526200,264.32,0
1614384201,2600,3529196,424.79,0
1614384202,2600,3532711,320.57,0
1614384203,2600,3536627,158.75,0
1614384204,2600,3540687,141.70,0
1614384205,2600,3544277,152.38,0
1614384206,2600,3546948,400.94,0
1614384207,2600,3549824,420.86,0
1614384208,2600,3553901,229.81,0
1614384209,2600,3557939,154.77,0
1614384210,2600,3561967,142.82,0
1614384211,2600,3565007,207.99,0
1614384212,2600,3567872,419.44,0
1614384213,2600,3571421,359.90,0
1614384214,2600,3575289,161.87,0
1614384215,2600,3579262,149.14,0
1614384216,2600,3583130,144.06,0
1614384217,2600,3585806,391.57,0
1614384218,2600,3588623,391.41,0
1614384219,2600,3592520,250.67,0
1614384220,2600,3596496,160.45,0
1614384221,2600,3600575,147.90,0
1614384222,2600,3603786,194.32,0
1614384223,2600,3606568,438.90,0
1614384224,2600,3610031,364.71,0
1614384225,2600,3613792,177.42,0
1614384226,2600,3617828,148.69,0
1614384227,2600,3621864,142.81,0
1614384228,2600,3624516,339.78,0
1614384229,2600,3627276,416.47,0
1614384230,2600,3631190,262.59,0
1614384231,2600,3635196,161.76,0
1614384232,2600,3639202,144.68,0
1614384233,2600,3642259,202.01,0
1614384234,2600,3645101,449.95,0
1614384235,2600,3648558,371.88,0
1614384236,2600,3652472,157.53,0
1614384237,2600,3656469,142.64,0
1614384238,2600,3660212,141.07,0
1614384239,2600,3663049,385.35,0
1614384240,2600,3665830,401.78,0
1614384241,2600,3669775,237.89,0
1614384242,2600,3673795,161.52,0
1614384243,2600,3677848,148.45,0
1614384244,2600,3680917,196.75,0
1614384245,2600,3683747,415.07,0
1614384246,2600,3686948,408.21,0
1614384247,2600,3690996,177.41,0
1614384248,2600,3695036,144.09,0
1614384249,2600,3699023,141.68,0
1614384250,2600,3701663,356.85,0
1614384251,2600,3704448,424.69,0
1614384252,2600,3708312,254.02,0
1614384253,2600,3712340,159.42,0
1614384254,2600,3716425,140.32,0
1614384255,2600,3719595,162.37,0
1614384256,2600,3722383,434.05,0
1614384257,2650,3725480,427.61,0
1614384258,2650,3729611,184.61,0
1614384259,2650,3733516,168.27,0
1614384260,2650,3737567,155.06,0
1614384261,2650,3740235,270.77,0
1614384262,2650,3743307,460.45,0
1614384263,2650,3746965,312.37,0
1614384264,2650,3750960,162.21,0
1614384265,2650,3754990,154.69,0
1614384266,2650,3758628,158.85,0
1614384267,2650,3761456,427.02,0
1614384268,2650,3764310,419.73,0
1614384269,2650,3768426,211.94,0
1614384270,2650,3772514,151.34,0
1614384271,2650,3776590,155.58,0
1614384272,2650,3779170,282.82,0
1614384273,2650,3782088,469.01,0
1614384274,2650,3785812,317.82,0
1614384275,2650,3789793,171.14,0
1614384276,2650,3793838,159.76,0
1614384277,2650,3797211,168.02,0
1614384278,2650,3800028,454.55,0
1614384279,2650,3802998,417.36,0
1614384280,2650,3807009,202.76,0
1614384281,2650,3811085,167.19,0
1614384282,2650,3815199,148.35,0
1614384283,2650,3817908,261.44,0
1614384284,2650,3820839,482.06,0
1614384285,2650,3824467,325.24,0
1614384286,2650,3828494,162.43,0
1614384287,2650,3832452,164.04,0
1614384288,2650,3836085,153.70,0
1614384289,2650,3838882,415.26,0
1614384290,2650,3841764,424.85,0
1614384291,2650,3845702,228.43,0
1614384292,2650,3849753,177.02,0
1614384293,2650,3853670,165.90,0
1614384294,2650,3856558,247.06,0
1614384295,2650,3859556,445.39,0
1614384296,2650,3863167,351.43,0
1614384297,2650,3867009,173.10,0
1614384298,2650,3870954,166.72,0
1614384299,2650,3874578,170.85,0
1614384300,2650,3877265,407.04,0
1614384301,2650,3880275,419.92,0
1614384302,2650,3884170,239.30,0
1614384303,2650,3888184,169.99,0
1614384304,2650,3892211,161.10,0
1614384305,2650,3895306,220.01,0
1614384306,2650,3898074,467.29,0
1614384307,2650,3901568,382.81,0
1614384308,2650,3905495,170.54,0
1614384309,2650,3909509,159.23,0
1614384310,2650,3913252,161.48,0
1614384311,2650,3915998,407.03,0
1614384312,2650,3918736,455.14,0
1614384313,2650,3922820,238.33,0
1614384314,2650,3926802,159.48,0
1614384315,2650,3930883,157.36,0
1614384316,2650,3933594,250.06,0
1614384317,2700,3936503,471.31,0
1614384318,2700,3940154,366.44,0
1614384319,2700,3944092,176.45,0
1614384320,2700,3948105,165.30,0
1614384321,2700,3951709,190.67,0
1614384322,2700,3954411,437.04,0
1614384323,2700,3957393,433.43,0
1614384324,2700,3961373,240.55,0
1614384325,2700,3965451,176.52,0
1614384326,2700,3969515,168.21,0
1614384327,2700,3972252,269.92,0
1614384328,2700,3975049,500.42,0
1614384329,2700,3978905,332.86,0
1614384330,2700,3982853,182.79,0
1614384331,2700,3986877,165.05,0
1614384332,2700,3990320,180.97,0
1614384333,2700,3993043,428.80,0
1614384334,2700,3996202,444.01,0
1614384335,2700,4000226,206.12,0
1614384336,2700,4004178,175.65,0
1614384337,2700,4008297,168.59,0
1614384338,2700,4011018,275.81,0
1614384339,2700,4013785,442.63,0
1614384340,2700,4017607,388.34,0
1614384341,2700,4021538,182.52,0
1614384342,2700,4025572,169.56,0
1614384343,2700,4029067,186.37,0
1614384344,2700,4031803,460.39,0
1614384345,2700,4034807,439.88,0
1614384346,2700,4038703,220.32,0
1614384347,2700,4042774,182.88,0
1614384348,2700,4046811,171.47,0
1614384349,2700,4049516,287.90,0
1614384350,2700,4052408,464.57,0
1614384351,2700,4056321,330.15,0
1614384352,2700,4060234,171.63,0
1614384353,2700,4064233,172.43,0
1614384354,2700,4067779,183.00,0
1614384355,2700,4070509,417.18,0
1614384356,2700,4073417,500.62,0
1614384357,2700,4077490,208.34,0
1614384358,2700,4081564,172.83,0
1614384359,2700,4085646,165.13,0
1614384360,2700,4088442,285.19,0
1614384361,2700,4091425,454.96,0
1614384362,2700,4095170,332.74,0
1614384363,2700,4099083,174.91,0
1614384364,2700,4103126,167.08,0
1614384365,2700,4106788,172.78,0
1614384366,2700,4109468,430.33,0
1614384367,2700,4112339,437.15,0
1614384368,2700,4116416,236.81,0
1614384369,2700,4120461,182.95,0
1614384370,2700,4124506,168.39,0
1614384371,2700,4127401,261.24,0
1614384372,2700,4130340,460.22,0
1614384373,2700,4133973,375.97,0
1614384374,2700,4137905,174.42,0
1614384375,2700,4141832,178.07,0
1614384376,2700,4145630,168.92,0
1614384377,2750,4148240,410.72,0
1614384378,2750,4151166,482.84,0
1614384379,2750,4155034,288.99,0
1614384380,2750,4159040,203.38,0
1614384381,2750,4163102,181.04,0
1614384382,2750,4166417,219.71,0
1614384383,2750,4169338,470.98,0
1614384384,2750,4172299,440.66,0
1614384385,2750,4176242,230.86,0
1614384386,2750,4180290,191.17,0
1614384387,2750,4184295,183.19,0
1614384388,2750,4187022,281.34,0
1614384389,2750,4189823,505.27,0
1614384390,2750,4193700,369.85,0
1614384391,2750,4197654,188.47,0
1614384392,2750,4201739,181.59,0
1614384393,2750,4205077,198.35,0
1614384394,2750,4207836,455.82,0
1614384395,2750,4210807,473.56,0
1614384396,2750,4214931,247.22,0
1614384397,2750,4218895,188.08,0
1614384398,2750,4222857,184.05,0
1614384399,2750,4225857,269.04,0
1614384400,2750,4228335,513.20,0
1614384401,2750,4232235,426.27,0
1614384402,2750,4236082,182.65,0
1614384403,2750,4240104,183.06,0
1614384404,2750,4243789,193.59,0
1614384405,2750,4246480,433.72,0
1614384406,2750,4249261,470.89,0
1614384407,2750,4253306,289.88,0
1614384408,2750,4257322,190.20,0
1614384409,2750,4261236,188.71,0
1614384410,2750,4264435,241.24,0
1614384411,2750,4267315,475.83,0
1614384412,2750,4270537,463.52,0
1614384413,2750,4274537,189.48,0
1614384414,2750,4278568,184.24,0
1614384415,2750,4282480,185.87,0
1614384416,2750,4285229,377.43,0
1614384417,2750,4287909,482.61,0
1614384418,2750,4291709,350.96,0
1614384419,2750,4295744,187.18,0
1614384420,2750,4299681,186.83,0
1614384421,2750,4303233,207.00,0
1614384422,2750,4305845,477.50,0
1614384423,2750,4308793,469.94,0
1614384424,2750,4312867,241.17,0
1614384425,2750,4316866,193.68,0
1614384426,2750,4320789,194.82,0
1614384427,2750,4323578,245.98,0
1614384428,2750,4325657,760.54,0
1614384429,2750,4328804,598.74,0
1614384430,2750,4332949,192.69,0
1614384431,2750,4336990,182.74,0
1614384432,2750,4340868,199.36,0
1614384433,2750,4343504,345.72,0
1614384434,2750,4346419,480.09,0
1614384435,2750,4349999,401.06,0
1614384436,2750,4354043,183.72,0
1614384437,2800,4358059,179.21,0
1614384438,2800,4361794,199.80,0
1614384439,2800,4364537,450.80,0
1614384440,2800,4367234,525.88,0
1614384441,2800,4371259,272.46,0
1614384442,2800,4375269,207.62,0
1614384443,2800,4379220,209.44,0
1614384444,2800,4382325,263.56,0
1614384445,2800,4385320,510.34,0
1614384446,2800,4388493,464.78,0
1614384447,2800,4392399,207.15,0
1614384448,2800,4396421,192.54,0
1614384449,2800,4400382,202.75,0
1614384450,2800,4402929,391.75,0
1614384451,2800,4405737,504.38,0
1614384452,2800,4409814,324.25,0
1614384453,2800,4413842,193.34,0
1614384454,2800,4417829,193.91,0
1614384455,2800,4421000,233.31,0
1614384456,2800,4423880,513.63,0
1614384457,2800,4427093,452.58,0
1614384458,2800,4431111,210.31,0
1614384459,2800,4435178,198.24,0
1614384460,2800,4438999,204.38,0
1614384461,2800,4441558,422.65,0
1614384462,2800,4444509,493.16,0
1614384463,2800,4448475,302.16,0
1614384464,2800,4452502,196.61,0
1614384465,2800,4456522,195.27,0
1614384466,2800,4459757,238.79,0
1614384467,2800,4462287,509.28,0
1614384468,2800,4465831,487.02,0
1614384469,2800,4469684,204.09,0
1614384470,2800,4473740,186.30,0
1614384471,2800,4477743,205.15,0
1614384472,2800,4480287,392.00,0
1614384473,2800,4483120,500.97,0
1614384474,2800,4486993,351.15,0
1614384475,2800,4490967,204.74,0
1614384476,2800,4494950,195.70,0
1614384477,2800,4498293,230.29,0
1614384478,2800,4501166,507.34,0
1614384479,2800,4504036,461.37,0
1614384480,2800,4508275,236.05,0
1614384481,2800,4512329,190.76,0
1614384482,2800,4516274,206.81,0
1614384483,2800,4518840,384.25,0
1614384484,2800,4521850,475.49,0
1614384485,2800,4525658,353.87,0
1614384486,2800,4529658,190.78,0
1614384487,2800,4533731,187.95,0
1614384488,2800,4536779,220.82,0
1614384489,2800,4539743,511.87,0
1614384490,2800,4542793,460.49,0
1614384491,2800,4546980,223.17,0
1614384492,2800,4550967,204.03,0
1614384493,2800,4555002,201.97,0
1614384494,2800,4557640,363.58,0
1614384495,2800,4560607,505.44,0
1614384496,2800,4564388,325.84,0
1614384497,2850,4568438,201.40,0
1614384498,2850,4572422,201.99,0
1614384499,2850,4575646,257.62,0
1614384500,2850,4578465,520.29,0
1614384501,2850,4581838,448.67,0
1614384502,2850,4585803,217.53,0
1614384503,2850,4589896,209.35,0
1614384504,2850,4593817,217.44,0
1614384505,2850,4596528,355.90,0
1614384506,2850,4599327,551.27,0
1614384507,2850,4603333,328.15,0
1614384508,2850,4607450,201.39,0
1614384509,2850,4611327,209.89,0
1614384510,2850,4614439,271.40,0
1614384511,2850,4617220,523.31,0
1614384512,2850,4620637,478.13,0
1614384513,2850,4624650,203.56,0
1614384514,2850,4628654,212.52,0
1614384515,2850,4632392,221.20,0
1614384516,2850,4634943,456.78,0
1614384517,2850,4637849,524.71,0
1614384518,2850,4641875,308.49,0
1614384519,2850,4645877,219.28,0
1614384520,2850,4649983,204.58,0
1614384521,2850,4652911,270.73,0
1614384522,2850,4655809,520.23,0
1614384523,2850,4659242,464.74,0
1614384524,2850,4663156,208.94,0
1614384525,2850,4667153,211.20,0
1614384526,2850,4671024,225.60,0
1614384527,2850,4673746,420.08,0
1614384528,2850,4676555,505.56,0
1614384529,2850,4680487,333.96,0
1614384530,2850,4684600,210.96,0
1614384531,2850,4688545,212.11,0
1614384532,2850,4691720,246.60,0
1614384533,2850,4694695,516.07,0
1614384534,2850,4697930,450.76,0
1614384535,2850,4702073,211.89,0
1614384536,2850,4706021,205.16,0
1614384537,2850,4709971,214.58,0
1614384538,2850,4712574,381.70,0
1614384539,2850,4715463,565.11,0
1614384540,2850,4719463,332.82,0
1614384541,2850,4723345,204.85,0
1614384542,2850,4727358,215.33,0
1614384543,2850,4730546,255.91,0
1614384544,2850,4733436,527.04,0
1614384545,2850,4736597,453.16,0
1614384546,2850,4740801,217.40,0
1614384547,2850,4744783,210.30,0
1614384548,2850,4748698,217.32,0
1614384549,2850,4751347,452.39,0
1614384550,2850,4754296,493.65,0
1614384551,2850,4758352,284.87,0
1614384552,2850,4762348,212.33,0
1614384553,2850,4766236,221.21,0
1614384554,2850,4769137,308.87,0
1614384555,2850,4772083,468.73,0
1614384556,2850,4775593,482.77,0
1614384557,2900,4779506,204.20,0
1614384558,2900,4783674,208.41,0
1614384559,2900,4787271,245.68,0
1614384560,2900,4789918,485.47,0
1614384561,2900,4792923,519.71,0
1614384562,2900,4796855,309.59,0
1614384563,2900,4800907,234.60,0
1614384564,2900,4804867,229.88,0
1614384565,2900,4807714,317.82,0
1614384566,2900,4810532,587.17,0
1614384567,2900,4814039,440.12,0
1614384568,2900,4818096,215.00,0
1614384569,2900,4822083,215.62,0
1614384570,2900,4825597,251.53,0
1614384571,2900,4828540,497.42,0
1614384572,2900,4831159,508.83,0
1614384573,2900,4835415,283.99,0
1614384574,2900,4839449,224.33,0
1614384575,2900,4843370,225.60,0
1614384576,2900,4846170,328.78,0
1614384577,2900,4848865,626.87,0
1614384578,2900,4852858,368.19,0
1614384579,2900,4856755,221.34,0
1614384580,2900,4860757,230.26,0
1614384581,2900,4863959,268.41,0
1614384582,2900,4866853,541.92,0
1614384583,2900,4870211,478.94,0
1614384584,2900,4874293,206.87,0
1614384585,2900,4878330,207.98,0
1614384586,2900,4882054,222.98,0
1614384587,2900,4884818,456.22,0
1614384588,2900,4887664,518.14,0
1614384589,2900,4891678,323.98,0
1614384590,2900,4895735,221.68,0
1614384591,2900,4899646,226.54,0
1614384592,2900,4902691,284.59,0
1614384593,2900,4905718,551.47,0
1614384594,2900,4909012,461.03,0
1614384595,2900,4913122,221.27,0
1614384596,2900,4917148,217.85,0
1614384597,2900,4920910,238.29,0
1614384598,2900,4923450,472.26,0
1614384599,2900,4926319,504.20,0
1614384600,2900,4930406,338.42,0
1614384601,2900,4934472,222.30,0
1614384602,2900,4938422,218.90,0
1614384603,2900,4941667,307.46,0
1614384604,2900,4944282,537.77,0
1614384605,2900,4947695,481.73,0
1614384606,2900,4951775,221.90,0
1614384607,2900,4955700,222.69,0
1614384608,2900,4959612,229.49,0
1614384609,2900,4961680,479.91,0
1614384610,2900,4963689,895.28,0
1614384611,2900,4967168,665.52,0
1614384612,2900,4971160,224.78,0
1614384613,2900,4975149,210.33,0
1614384614,2900,4978233,288.67,0
1614384615,2900,4980572,633.19,0
1614384616,2900,4984553,409.82,0
1614384617,2950,4988538,225.65,0
1614384618,2950,4992521,241.51,0
1614384619,2950,4995783,256.67,0
1614384620,2950,4998665,551.86,0
1614384621,2950,5001426,547.11,0
1614384622,2950,5005682,279.89,0
1614384623,2950,5009753,236.03,0
1614384624,2950,5013781,240.81,0
1614384625,2950,5016390,374.78,0
1614384626,2950,5019256,565.92,0
1614384627,2950,5023040,430.36,0
1614384628,2950,5027074,227.67,0
1614384629,2950,5030950,249.60,0
1614384630,2950,5034473,249.60,0
1614384631,2950,5037273,514.12,0
1614384632,2950,5040157,532.91,0
1614384633,2950,5044373,295.64,0
1614384634,2950,5048316,236.79,0
1614384635,2950,5052287,251.58,0
1614384636,2950,5055138,323.98,0
1614384637,2950,5057973,579.30,0
1614384638,2950,5061074,502.25,0
1614384639,2950,5065318,260.95,0
1614384640,2950,5069361,232.26,0
1614384641,2950,5073132,218.72,0
1614384642,2950,5075795,464.57,0
1614384643,2950,5078647,561.86,0
1614384644,2950,5082681,377.52,0
1614384645,2950,5086696,213.38,0
1614384646,2950,5090810,217.33,0
1614384647,2950,5093924,272.96,0
1614384648,2950,5096633,609.57,0
1614384649,2950,5100033,464.04,0
1614384650,2950,5104099,243.01,0
1614384651,2950,5108154,233.07,0
1614384652,2950,5112109,244.01,0
1614384653,2950,5114703,395.36,0
1614384654,2950,5117700,585.19,0
1614384655,2950,5121552,371.09,0
1614384656,2950,5125600,227.03,0
1614384657,2950,5129442,248.03,0
1614384658,2950,5132713,273.52,0
1614384659,2950,5135449,560.69,0
1614384660,2950,5138459,540.08,0
1614384661,2950,5142675,263.86,0
1614384662,2950,5146624,245.36,0
1614384663,2950,5150677,242.15,0
1614384664,2950,5153437,364.10,0
1614384665,2950,5156017,595.30,0
1614384666,2950,5159939,424.28,0
1614384667,2950,5164018,226.84,0
1614384668,2950,5167807,247.80,0
1614384669,2950,5171394,262.15,0
1614384670,2950,5174237,529.45,0
1614384671,2950,5177048,523.42,0
1614384672,2950,5181171,299.60,0
1614384673,2950,5185086,253.43,0
1614384674,2950,5189027,257.08,0
1614384675,2950,5191897,342.83,0
1614384676,2950,5194764,571.23,0
1614384677,3000,5198037,501.71,0
1614384678,3000,5202092,253.61,0
1614384679,3000,5206131,255.60,0
1614384680,3000,5209960,262.09,0
1614384681,3000,5212688,425.08,0
1614384682,3000,5215334,606.51,0
1614384683,3000,5219199,444.45,0
1614384684,3000,5223180,241.41,0
1614384685,3000,5227007,264.99,0
1614384686,3000,5230557,268.85,0
1614384687,3000,5233255,546.70,0
1614384688,3000,5236279,528.07,0
1614384689,3000,5240334,328.96,0
1614384690,3000,5244402,244.41,0
1614384691,3000,5248309,257.93,0
1614384692,3000,5251029,346.83,0
1614384693,3000,5254000,579.77,0
1614384694,3000,5257780,468.03,0
1614384695,3000,5261747,229.32,0
1614384696,3000,5265650,249.62,0
1614384697,3000,5269129,260.60,0
1614384698,3000,5271950,540.30,0
1614384699,3000,5274862,548.90,0
1614384700,3000,5279139,298.46,0
1614384701,3000,5283110,248.35,0
1614384702,3000,5286958,275.25,0
1614384703,3000,5289592,356.44,0
1614384704,3000,5291604,871.78,0
1614384705,3000,5294889,684.52,0
1614384706,3000,5299012,259.46,0
1614384707,3000,5302982,252.56,0
1614384708,3000,5306981,250.98,0
1614384709,3000,5309596,404.10,0
1614384710,3000,5312442,602.04,0
1614384711,3000,5316192,429.41,0
1614384712,3000,5320385,232.05,0
1614384713,3000,5324281,254.91,0
1614384714,3000,5327651,276.51,0
1614384715,3000,5330391,552.86,0
1614384716,3000,5333647,545.88,0
1614384717,3000,5337610,258.65,0
1614384718,3000,5341596,255.63,0
1614384719,3000,5345618,255.44,0
1614384720,3000,5348376,386.58,0
1614384721,3000,5351172,630.55,0
1614384722,3000,5354998,413.30,0
1614384723,3000,5358950,244.54,0
1614384724,3000,5362900,251.98,0
1614384725,3000,5366350,265.31,0
1614384726,3000,5369072,553.45,0
1614384727,3000,5371757,573.54,0
1614384728,3000,5376000,324.43,0
1614384729,3000,5380015,249.10,0
1614384730,3000,5383978,259.16,0
1614384731,3000,5386774,345.39,0
1614384732,3000,5389638,594.77,0
1614384733,3000,5393286,480.83,0
1614384734,3000,5397384,231.80,0
1614384735,3000,5401108,256.82,0
1614384736,3000,5404713,280.22,0
1614384737,3000,5407466,527.62,0
1614384738,3000,5410497,561.97,0
1614384739,3000,5414469,325.04,0
1614384740,3000,5418384,252.30,0
1614384741,3000,5422289,268.80,0
1614384742,3000,5425195,335.06,0
1614384743,3000,5428063,612.99,0
1614384744,3000,5431243,513.32,0
1614384745,3000,5435453,251.82,0
1614384746,3000,5439347,252.58,0
1614384747,3000,5443139,268.44,0
1614384748,3000,5445629,480.63,0
1614384749,3000,5448435,618.63,0
1614384750,3000,5452494,394.41,0
1614384751,3000,5456475,239.11,0
1614384752,3000,5460369,259.35,0
1614384753,3000,5463638,278.20,0
1614384754,3000,5466354,542.18,0
1614384755,3000,5469495,541.07,0
1614384756,3000,5473543,298.49,0
1614384757,3000,5477526,272.65,0
1614384758,3000,5481437,258.48,0
1614384759,3000,5484367,363.56,0
1614384760,3000,5487152,613.77,0
1614384761,3000,5490717,452.26,0
1614384762,3000,5494839,241.44,0
1614384763,3000,5498790,254.79,0
1614384764,3000,5502194,265.34,0
1614384765,3000,5504884,542.70,0
1614384766,3000,5508043,567.65,0
1614384767,3000,5511855,312.21,0
1614384768,3000,5516025,253.53,0
1614384769,3000,5519843,266.01,0
1614384770,3000,5522747,339.45,0
1614384771,3000,5525664,579.10,0
1614384772,3000,5529150,516.85,0
1614384773,3000,5533022,226.73,0
1614384774,3000,5537033,254.18,0
1614384775,3000,5540729,263.52,0
1614384776,3000,5543414,470.93,0
1614384777,3000,5546197,604.45,0
1614384778,3000,5550179,385.41,0
1614384779,3000,5554235,251.10,0
1614384780,3000,5558085,264.29,0
1614384781,3000,5561104,307.44,0
1614384782,3000,5563966,577.03,0
1614384783,3000,5567147,551.93,0
1614384784,3000,5570989,266.21,0
1614384785,3000,5575103,266.79,0
1614384786,3000,5579166,252.73,0
1614384787,3000,5581746,413.47,0
1614384788,3000,5584639,605.98,0
1614384789,3000,5588504,422.98,0
1614384790,3000,5592444,229.37,0
1614384791,3000,5596357,252.85,0
1614384792,3000,5600075,266.70,0
1614384793,3000,5602790,517.75,0
1614384794,3000,5605688,566.00,0
1614384795,3000,5609727,337.34,0
1614384796,3000,5613722,251.85,0
1614384797,3000,5617681,251.72,0
1614384798,3000,5620637,325.29,0
1614384799,3000,5623430,595.11,0
1614384800,3000,5626978,486.28,0
1614384801,3000,5631021,237.50,0
1614384802,3000,5634955,251.23,0
1614384803,3000,5638744,256.63,0
1614384804,3000,5641392,552.45,0
1614384805,3000,5644092,544.56,0
1614384806,3000,5648276,356.75,0
1614384807,3000,5652183,251.09,0
1614384808,3000,5656199,255.79,0
1614384809,3000,5659203,293.90,0
1614384810,3000,5662136,587.00,0
1614384811,3000,5665503,504.79,0
1614384812,3000,5669362,275.07,0
1614384813,3000,5673362,256.20,0
1614384814,3000,5677207,267.66,0
1614384815,3000,5679941,430.91,0
1614384816,3000,5682669,576.39,0
1614384817,3000,5686436,450.16,0
1614384818,3000,5690464,240.68,0
1614384819,3000,5694418,257.01,0
1614384820,3000,5697788,275.03,0
1614384821,3000,5700647,540.85,0
1614384822,3000,5703603,552.38,0
1614384823,3000,5707628,313.24,0
1614384824,3000,5711731,252.17,0
1614384825,3000,5715597,261.35,0
1614384826,3000,5718285,346.83,0
1614384827,3000,5721263,591.33,0
1614384828,3000,5724934,466.09,0
1614384829,3000,5728935,237.84,0
1614384830,3000,5732810,259.21,0
1614384831,3000,5736489,268.78,0
1614384832,3000,5739068,538.34,0
1614384833,3000,5741903,550.11,0
1614384834,3000,5746165,337.33,0
1614384835,3000,5750096,250.46,0
1614384836,3000,5754057,262.82,0
1614384837,3000,5757047,307.54,0
1614384838,3000,5759760,594.77,0
1614384839,3000,5763097,549.89,0
1614384840,3000,5767099,259.26,0
1614384841,3000,5771121,255.96,0
1614384842,3000,5775124,263.33,0
1614384843,3000,5777657,438.42,0
1614384844,3000,5780574,560.12,0
1614384845,3000,5784286,452.14,0
1614384846,3000,5788157,243.06,0
1614384847,3000,5792215,256.40,0
1614384848,3000,5795827,280.59,0
1614384849,3000,5798268,540.92,0
1614384850,3000,5801127,602.87,0
1614384851,3000,5805277,329.18,0
1614384852,3000,5809273,249.82,0
1614384853,3000,5813186,265.55,0
1614384854,3000,5816237,367.44,0
1614384855,3000,5819013,574.04,0
1614384856,3000,5822508,478.11,0
1614384857,3000,5826578,232.85,0
1614384858,3000,5830423,256.66,0
1614384859,3000,5834311,264.41,0
1614384860,3000,5836830,501.42,0
1614384861,3000,5839652,626.50,0
1614384862,3000,5843447,406.71,0
1614384863,3000,5847393,249.05,0
1614384864,3000,5851354,252.59,0
1614384865,3000,5854869,268.07,0
1614384866,3000,5857602,530.00,0
1614384867,3000,5860498,543.18,0
1614384868,3000,5864345,395.81,0
1614384869,3000,5868230,256.72,0
1614384870,3000,5872203,259.36,0
1614384871,3000,5875749,285.94,0
1614384872,3000,5878414,561.54,0
1614384873,3000,5881325,552.43,0
1614384874,3000,5885549,297.81,0
1614384875,3000,5889478,260.57,0
1614384876,3000,5893315,258.32,0
1614384877,3000,5896302,358.38,0
1614384878,3000,5899060,615.87,0
1614384879,3000,5902491,492.50,0
1614384880,3000,5906463,235.19,0
1614384881,3000,5910351,261.91,0
1614384882,3000,5914066,263.86,0
1614384883,3000,5916695,485.14,0
1614384884,3000,5919590,611.39,0
1614384885,3000,5923720,336.95,0
1614384886,3000,5927652,256.38,0
1614384887,3000,5931394,283.34,0
1614384888,3000,5934429,333.56,0
1614384889,3000,5937379,567.07,0
1614384890,3000,5940784,512.06,0
1614384891,3000,5944821,234.64,0
1614384892,3000,5948851,243.86,0
1614384893,3000,5952500,257.97,0
1614384894,3000,5955120,501.26,0
1614384895,3000,5957948,606.42,0
1614384896,3000,5962055,341.88,0
1614384897,3000,5966022,261.77,0
1614384898,3000,5969875,257.88,0
1614384899,3000,5973183,277.00,0
1614384900,3000,5976024,584.48,0
1614384901,3000,5979204,511.28,0
1614384902,3000,5983188,263.31,0
1614384903,3000,5987261,253.26,0
1614384904,3000,5991188,264.44,0
1614384905,3000,5993889,399.84,0
1614384906,3000,5996780,578.69,0
1614384907,3000,6000715,386.76,0
1614384908,3000,6004632,239.38,0
1614384909,3000,6008611,272.52,0
1614384910,3000,6011956,276.74,0
1614384911,3000,6014750,557.11,0
1614384912,3000,6017877,519.60,0
1614384913,3000,6022054,268.36,0
1614384914,3000,6026034,255.28,0
1614384915,3000,6029928,255.41,0
1614384916,3000,6032638,414.00,0
1614384917,3000,6035549,606.27,0
1614384918,3000,6039322,416.26,0
1614384919,3000,6043320,235.97,0
1614384920,3000,6047285,251.43,0
1614384921,3000,6050668,289.39,0
1614384922,3000,6053458,588.13,0
1614384923,3000,6056455,523.04,0
1614384924,3000,6060619,270.19,0
1614384925,3000,6064579,246.98,0
1614384926,3000,6068587,252.27,0
