Seconds,Workers,Queries,Latency,Errors
1614387454,1,2,117.00,0
1614387455,1,4,116.00,0
1614387456,1,5,108.00,0
1614387457,1,7,117.50,0
1614387458,1,8,114.00,0
1614387459,1,10,113.00,0
1614387460,1,12,115.50,0
1614387461,1,13,118.00,0
1614387462,1,15,130.00,0
1614387463,1,17,113.50,0
1614387464,1,18,108.00,0
1614387465,1,20,116.00,0
1614387466,1,21,120.00,0
1614387467,1,23,109.00,0
1614387468,1,25,117.00,0
1614387469,1,26,127.00,0
1614387470,1,28,113.50,0
1614387471,1,30,114.50,0
1614387472,1,31,111.00,0
1614387473,1,33,113.00,0
1614387474,1,34,110.00,0
1614387475,1,36,115.00,0
1614387476,1,38,113.00,0
1614387477,1,39,115.00,0
1614387478,1,41,116.00,0
1614387479,1,43,109.00,0
1614387480,1,44,110.00,0
1614387481,1,46,115.00,0
1614387482,1,47,117.00,0
1614387483,1,49,114.00,0
1614387484,1,51,118.50,0
1614387485,1,52,111.00,0
1614387486,1,54,118.00,0
1614387487,1,55,146.00,0
1614387488,1,57,109.00,0
1614387489,1,59,116.00,0
1614387490,1,60,119.00,0
1614387491,1,62,109.50,0
1614387492,1,64,108.50,0
1614387493,1,65,117.00,0
1614387494,1,67,113.50,0
1614387495,1,69,114.50,0
1614387496,1,70,108.00,0
1614387497,1,72,109.00,0
1614387498,1,73,121.00,0
1614387499,1,75,111.50,0
1614387500,1,77,118.50,0
1614387501,1,78,112.00,0
1614387502,1,80,110.50,0
1614387503,1,82,113.00,0
1614387504,1,83,111.00,0
1614387505,1,85,116.00,0
1614387506,1,86,119.00,0
1614387507,1,88,108.00,0
1614387508,1,90,113.50,0
1614387509,1,91,110.00,0
1614387510,1,93,119.00,0
1614387511,1,95,109.00,0
1614387512,1,96,119.00,0
1614387513,3,98,113.50,0
1614387514,3,103,111.20,0
1614387515,3,109,111.00,0
1614387516,3,113,111.25,0
1614387517,3,118,111.80,0
1614387518,3,124,110.67,0
1614387519,3,128,116.25,0
1614387520,3,133,117.80,0
1614387521,3,137,116.00,0
1614387522,3,143,110.83,0
1614387523,3,148,111.80,0
1614387524,3,152,111.75,0
1614387525,3,157,111.00,0
1614387526,3,162,116.20,0
1614387527,3,167,120.00,0
1614387528,3,172,111.00,0
1614387529,3,177,110.40,0
1614387530,3,182,122.40,0
1614387531,3,187,118.60,0
1614387532,3,191,121.25,0
1614387533,3,196,114.20,0
1614387534,3,201,116.80,0
1614387535,3,206,110.60,0
1614387536,3,211,118.60,0
1614387537,3,216,111.80,0
1614387538,3,221,113.00,0
1614387539,3,225,110.25,0
1614387540,3,230,115.20,0
1614387541,3,235,115.60,0
1614387542,3,240,112.20,0
1614387543,3,245,116.60,0
1614387544,3,250,110.60,0
1614387545,3,255,112.40,0
1614387546,3,260,118.00,0
1614387547,3,264,115.75,0
1614387548,3,270,111.67,0
1614387549,3,274,112.00,0
1614387550,3,279,111.80,0
1614387551,3,284,109.20,0
1614387552,3,289,129.00,0
1614387553,3,294,113.80,0
1614387554,3,299,113.40,0
1614387555,3,304,111.00,0
1614387556,3,309,116.60,0
1614387557,3,313,118.00,0
1614387558,3,318,108.40,0
1614387559,3,323,120.20,0
1614387560,3,328,116.80,0
1614387561,3,333,112.60,0
1614387562,3,338,118.80,0
1614387563,3,342,114.50,0
1614387564,3,347,114.00,0
1614387565,3,352,112.25,0
1614387566,3,357,111.75,0
1614387567,3,362,108.80,0
1614387568,3,367,114.00,0
1614387569,3,372,111.40,0
1614387570,3,377,115.20,0
1614387571,3,381,113.25,0
1614387572,3,387,116.00,0
1614387573,5,392,109.80,0
1614387574,5,400,117.88,0
1614387575,5,409,112.78,0
1614387576,5,416,110.14,0
1614387577,5,425,110.25,0
1614387578,5,433,113.75,0
1614387579,5,441,114.86,0
1614387580,5,450,112.67,0
1614387581,5,457,119.57,0
1614387582,5,465,116.88,0
1614387583,5,474,113.89,0
1614387584,5,481,117.14,0
1614387585,5,490,114.62,0
1614387586,5,497,111.14,0
1614387587,5,506,114.14,0
1614387588,5,515,111.78,0
1614387589,5,522,119.29,0
1614387590,5,530,110.62,0
1614387591,5,539,115.12,0
1614387592,5,547,109.86,0
1614387593,5,555,113.12,0
1614387594,5,563,113.88,0
1614387595,5,571,115.25,0
1614387596,5,580,113.00,0
1614387597,5,587,112.57,0
1614387598,5,596,113.56,0
1614387599,5,604,115.75,0
1614387600,5,612,113.57,0
1614387601,5,620,114.12,0
1614387602,5,628,115.50,0
1614387603,5,636,112.88,0
1614387604,5,645,116.89,0
1614387605,5,652,115.57,0
1614387606,5,660,113.88,0
1614387607,5,670,114.78,0
1614387608,5,677,113.43,0
1614387609,5,685,115.12,0
1614387610,5,693,115.12,0
1614387611,5,701,114.00,0
1614387612,5,710,114.89,0
1614387613,5,717,111.29,0
1614387614,5,726,117.44,0
1614387615,5,734,117.00,0
1614387616,5,742,112.43,0
1614387617,5,750,114.88,0
1614387618,5,757,112.43,0
1614387619,5,767,112.56,0
1614387620,5,775,113.50,0
1614387621,5,782,117.00,0
1614387622,5,791,115.78,0
1614387623,5,799,112.75,0
1614387624,5,807,114.12,0
1614387625,5,815,115.38,0
1614387626,5,823,115.62,0
1614387627,5,832,110.00,0
1614387628,5,840,115.00,0
1614387629,5,847,115.14,0
1614387630,5,856,114.89,0
1614387631,5,864,116.25,0
1614387632,5,872,115.38,0
1614387633,8,880,119.88,0
1614387634,8,895,113.27,0
1614387635,8,908,116.54,0
1614387636,8,920,120.09,0
1614387637,8,933,113.08,0
1614387638,8,947,113.86,0
1614387639,8,959,117.27,0
1614387640,8,973,115.29,0
1614387641,8,984,112.64,0
1614387642,8,997,113.92,0
1614387643,8,1012,117.62,0
1614387644,8,1023,114.30,0
1614387645,8,1037,112.69,0
1614387646,8,1050,115.54,0
1614387647,8,1063,112.45,0
1614387648,8,1077,117.43,0
1614387649,8,1088,116.73,0
1614387650,8,1101,115.58,0
1614387651,8,1116,110.50,0
1614387652,8,1128,114.17,0
1614387653,8,1141,111.85,0
1614387654,8,1155,112.79,0
1614387655,8,1167,113.08,0
1614387656,8,1181,115.15,0
1614387657,8,1194,116.08,0
1614387658,8,1205,111.09,0
1614387659,8,1220,115.14,0
1614387660,8,1232,114.73,0
1614387661,8,1245,114.00,0
1614387662,8,1259,118.07,0
1614387663,8,1272,111.83,0
1614387664,8,1285,112.92,0
1614387665,8,1297,115.00,0
1614387666,8,1309,114.64,0
1614387667,8,1324,113.93,0
1614387668,8,1336,113.18,0
1614387669,8,1349,115.15,0
1614387670,8,1364,112.80,0
1614387671,8,1376,112.33,0
1614387672,8,1389,113.08,0
1614387673,8,1402,115.23,0
1614387674,8,1414,114.25,0
1614387675,8,1428,115.29,0
1614387676,8,1440,116.50,0
1614387677,8,1453,113.42,0
1614387678,8,1468,112.13,0
1614387679,8,1479,117.82,0
1614387680,8,1493,113.85,0
1614387681,8,1507,113.21,0
1614387682,8,1518,113.82,0
1614387683,8,1532,115.93,0
1614387684,8,1545,111.62,0
1614387685,8,1557,116.08,0
1614387686,8,1572,111.20,0
1614387687,8,1584,113.25,0
1614387688,8,1597,113.46,0
1614387689,8,1611,112.93,0
1614387690,8,1623,113.00,0
1614387691,8,1636,113.23,0
1614387692,8,1649,116.00,0
1614387693,12,1661,113.18,0
1614387694,12,1684,116.91,0
1614387695,12,1704,114.85,0
1614387696,12,1721,119.81,0
1614387697,12,1743,117.41,0
1614387698,12,1760,111.29,0
1614387699,12,1780,113.65,0
1614387700,12,1801,114.86,0
1614387701,12,1817,116.80,0
1614387702,12,1840,113.43,0
1614387703,12,1861,115.57,0
1614387704,12,1877,118.19,0
1614387705,12,1898,117.95,0
1614387706,12,1915,111.82,0
1614387707,12,1936,116.00,0
1614387708,12,1958,117.73,0
1614387709,12,1973,116.33,0
1614387710,12,1996,117.26,0
1614387711,12,2014,116.61,0
1614387712,12,2033,114.11,0
1614387713,12,2054,116.62,0
1614387714,12,2070,115.07,0
1614387715,12,2092,115.45,0
1614387716,12,2114,114.86,0
1614387717,12,2129,112.40,0
1614387718,12,2152,117.57,0
1614387719,12,2170,114.22,0
1614387720,12,2189,114.78,0
1614387721,12,2211,113.73,0
1614387722,12,2225,117.43,0
1614387723,12,2248,114.22,0
1614387724,12,2269,115.10,0
1614387725,12,2285,117.00,0
1614387726,12,2308,115.74,0
1614387727,12,2325,113.65,0
1614387728,12,2345,111.71,0
1614387729,12,2367,120.09,0
1614387730,12,2381,118.43,0
1614387731,12,2404,114.32,0
1614387732,12,2425,112.19,0
1614387733,12,2441,114.25,0
1614387734,12,2464,116.22,0
1614387735,12,2482,114.39,0
1614387736,12,2500,115.71,0
1614387737,12,2523,113.13,0
1614387738,12,2538,116.57,0
1614387739,12,2560,113.91,0
1614387740,12,2582,113.68,0
1614387741,12,2597,113.80,0
1614387742,12,2620,115.74,0
1614387743,12,2637,115.59,0
1614387744,12,2657,114.47,0
1614387745,12,2679,116.77,0
1614387746,12,2693,115.71,0
1614387747,12,2716,114.00,0
1614387748,12,2738,116.45,0
1614387749,12,2753,110.67,0
1614387750,12,2776,112.48,0
1614387751,12,2794,112.94,0
1614387752,12,2813,114.58,0
1614387753,18,2836,114.04,0
1614387754,18,2862,116.50,0
1614387755,18,2896,116.41,0
1614387756,18,2925,114.10,0
1614387757,18,2951,116.46,0
1614387758,18,2983,116.56,0
1614387759,18,3009,114.69,0
1614387760,18,3041,114.84,0
1614387761,18,3070,114.69,0
1614387762,18,3097,112.48,0
1614387763,18,3130,112.88,0
1614387764,18,3158,114.04,0
1614387765,18,3185,113.38,0
1614387766,18,3217,116.28,0
1614387767,18,3245,117.48,0
1614387768,18,3275,115.27,0
1614387769,18,3304,115.72,0
1614387770,18,3331,114.78,0
1614387771,18,3364,113.91,0
1614387772,18,3392,118.04,0
1614387773,18,3419,116.11,0
1614387774,18,3451,113.81,0
1614387775,18,3477,116.73,0
1614387776,18,3509,114.09,0
1614387777,18,3538,112.90,0
1614387778,18,3564,115.85,0
1614387779,18,3598,112.68,0
1614387780,18,3626,113.14,0
1614387781,18,3653,114.54,0
1614387782,18,3685,111.88,0
1614387783,18,3711,115.92,0
1614387784,18,3743,116.31,0
1614387785,18,3773,114.00,0
1614387786,18,3798,113.24,0
1614387787,18,3832,115.35,0
1614387788,18,3861,115.31,0
1614387789,18,3887,116.88,0
1614387790,18,3919,112.62,0
1614387791,18,3946,113.28,0
1614387792,18,3977,115.27,0
1614387793,18,4007,113.43,0
1614387794,18,4032,117.13,0
1614387795,18,4065,114.97,0
1614387796,18,4095,114.29,0
1614387797,18,4121,115.68,0
1614387798,18,4154,113.94,0
1614387799,18,4179,115.21,0
1614387800,18,4211,114.56,0
1614387801,18,4241,116.30,0
1614387802,18,4267,116.12,0
1614387803,18,4300,116.16,0
1614387804,18,4329,115.43,0
1614387805,18,4355,115.24,0
1614387806,18,4387,115.62,0
1614387807,18,4414,116.64,0
1614387808,18,4445,113.90,0
1614387809,18,4475,116.60,0
1614387810,18,4500,113.74,0
1614387811,18,4535,116.12,0
1614387812,18,4561,115.19,0
1614387813,25,4589,114.84,0
1614387814,25,4636,117.86,0
1614387815,25,4675,116.21,0
1614387816,25,4714,114.11,0
1614387817,25,4759,113.73,0
1614387818,25,4794,113.00,0
1614387819,25,4839,113.27,0
1614387820,25,4881,114.86,0
1614387821,25,4914,115.72,0
1614387822,25,4961,114.33,0
1614387823,25,5000,112.84,0
1614387824,25,5039,114.94,0
1614387825,25,5084,116.38,0
1614387826,25,5120,115.28,0
1614387827,25,5164,115.53,0
1614387828,25,5204,115.10,0
1614387829,25,5239,115.27,0
1614387830,25,5285,115.45,0
1614387831,25,5325,120.05,0
1614387832,25,5364,114.66,0
1614387833,25,5409,114.09,0
1614387834,25,5443,115.21,0
1614387835,25,5489,116.83,0
1614387836,25,5530,119.78,0
1614387837,25,5564,114.82,0
1614387838,25,5610,113.91,0
1614387839,25,5646,117.26,0
1614387840,25,5689,116.21,0
1614387841,25,5734,115.00,0
1614387842,25,5768,116.06,0
1614387843,25,5814,116.56,0
1614387844,25,5852,115.74,0
1614387845,25,5889,116.36,0
1614387846,25,5935,116.23,0
1614387847,25,5970,112.82,0
1614387848,25,6014,115.34,0
1614387849,25,6058,117.77,0
1614387850,25,6092,117.03,0
1614387851,25,6139,116.89,0
1614387852,25,6174,121.43,0
1614387853,25,6215,115.03,0
1614387854,25,6260,114.93,0
1614387855,25,6296,113.77,0
1614387856,25,6339,116.38,0
1614387857,25,6380,113.54,0
1614387858,25,6417,114.51,0
1614387859,25,6464,115.65,0
1614387860,25,6499,115.83,0
1614387861,25,6540,115.42,0
1614387862,25,6585,116.11,0
1614387863,25,6621,114.82,0
1614387864,25,6664,117.76,0
1614387865,25,6704,117.55,0
1614387866,25,6742,116.92,0
1614387867,25,6788,116.13,0
1614387868,25,6822,115.85,0
1614387869,25,6865,116.43,0
1614387870,25,6907,114.60,0
1614387871,25,6945,117.75,0
1614387872,25,6989,114.49,0
1614387873,50,7027,118.03,0
1614387874,50,7116,165.62,0
1614387875,50,7184,133.10,0
1614387876,50,7272,129.25,0
1614387877,50,7353,121.22,0
1614387878,50,7429,117.75,0
1614387879,50,7518,119.57,0
1614387880,50,7590,116.94,0
1614387881,50,7675,119.00,0
1614387882,50,7757,116.88,0
1614387883,50,7834,117.28,0
1614387884,50,7922,117.05,0
1614387885,50,7998,117.18,0
1614387886,50,8078,120.62,0
1614387887,50,8160,120.30,0
1614387888,50,8239,116.88,0
1614387889,50,8325,115.60,0
1614387890,50,8402,115.13,0
1614387891,50,8482,116.41,0
1614387892,50,8567,115.77,0
1614387893,50,8644,118.49,0
1614387894,50,8726,116.39,0
1614387895,50,8809,116.03,0
1614387896,50,8888,115.57,0
1614387897,50,8975,115.20,0
1614387898,50,9051,116.12,0
1614387899,50,9131,114.90,0
1614387900,50,9217,114.58,0
1614387901,50,9294,120.93,0
1614387902,50,9376,114.33,0
1614387903,50,9457,115.38,0
1614387904,50,9538,114.89,0
1614387905,50,9625,116.08,0
1614387906,50,9701,117.13,0
1614387907,50,9781,115.70,0
1614387908,50,9862,115.19,0
1614387909,50,9942,118.06,0
1614387910,50,10026,114.78,0
1614387911,50,10106,115.89,0
1614387912,50,10186,115.38,0
1614387913,50,10268,115.90,0
1614387914,50,10347,123.91,0
1614387915,50,10429,117.41,0
1614387916,50,10513,116.61,0
1614387917,50,10590,115.41,0
1614387918,50,10671,116.72,0
1614387919,50,10755,116.73,0
1614387920,50,10833,115.82,0
1614387921,50,10919,116.24,0
1614387922,50,10995,113.83,0
1614387923,50,11079,116.87,0
1614387924,50,11163,115.21,0
1614387925,50,11238,114.69,0
1614387926,50,11322,116.86,0
1614387927,50,11400,115.44,0
1614387928,50,11483,121.87,0
1614387929,50,11567,117.62,0
1614387930,50,11641,115.42,0
1614387931,50,11727,116.54,0
1614387932,50,11807,116.47,0
1614387933,75,11886,116.96,0
1614387934,75,12024,150.66,0
1614387935,75,12126,130.26,0
1614387936,75,12257,135.90,0
1614387937,75,12367,122.20,0
1614387938,75,12491,122.95,0
1614387939,75,12609,121.44,0
1614387940,75,12715,258.82,0
1614387941,75,12825,121.98,0
1614387942,75,12948,129.42,0
1614387943,75,13063,125.17,0
1614387944,75,13189,120.47,0
1614387945,75,13312,119.81,0
1614387946,75,13429,118.22,0
1614387947,75,13556,119.02,0
1614387948,75,13671,117.43,0
1614387949,75,13797,120.34,0
1614387950,75,13915,120.68,0
1614387951,75,14035,130.53,0
1614387952,75,14159,118.79,0
1614387953,75,14276,119.17,0
1614387954,75,14401,117.52,0
1614387955,75,14516,117.17,0
1614387956,75,14642,118.01,0
1614387957,75,14760,118.07,0
1614387958,75,14881,118.91,0
1614387959,75,15008,118.02,0
1614387960,75,15125,118.90,0
1614387961,75,15248,128.77,0
1614387962,75,15365,126.54,0
1614387963,75,15486,120.74,0
1614387964,75,15605,119.21,0
1614387965,75,15727,119.31,0
1614387966,75,15844,118.18,0
1614387967,75,15972,119.60,0
1614387968,75,16092,117.28,0
1614387969,75,16211,118.47,0
1614387970,75,16334,117.70,0
1614387971,75,16451,117.54,0
1614387972,75,16575,126.49,0
1614387973,75,16694,121.05,0
1614387974,75,16818,119.14,0
1614387975,75,16937,119.15,0
1614387976,75,17053,117.60,0
1614387977,75,17182,116.72,0
1614387978,75,17299,117.23,0
1614387979,75,17422,117.99,0
1614387980,75,17546,118.41,0
1614387981,75,17662,116.68,0
1614387982,75,17786,119.70,0
1614387983,75,17902,129.59,0
1614387984,75,18028,118.44,0
1614387985,75,18145,119.06,0
1614387986,75,18268,119.55,0
1614387987,75,18391,117.73,0
1614387988,75,18509,116.57,0
1614387989,75,18633,118.56,0
1614387990,75,18749,118.30,0
1614387991,75,18877,116.83,0
1614387992,75,18998,116.52,0
1614387993,100,19113,125.78,0
1614387994,100,19288,171.84,0
1614387995,100,19419,154.95,0
1614387996,100,19584,151.35,0
1614387997,100,19730,148.37,0
1614387998,100,19894,132.38,0
1614387999,100,20053,125.59,0
1614388000,100,20215,126.09,0
1614388001,100,20369,128.19,0
1614388002,100,20528,138.85,0
1614388003,100,20681,147.44,0
1614388004,100,20845,126.62,0
1614388005,100,21004,122.42,0
1614388006,100,21165,122.06,0
1614388007,100,21323,123.32,0
1614388008,100,21487,122.62,0
1614388009,100,21642,125.15,0
1614388010,100,21803,124.66,0
1614388011,100,21964,130.16,0
1614388012,100,22115,136.40,0
1614388013,100,22274,151.85,0
1614388014,100,22430,125.09,0
1614388015,100,22597,124.84,0
1614388016,100,22749,124.26,0
1614388017,100,22919,126.25,0
1614388018,100,23073,125.03,0
1614388019,100,23237,129.36,0
1614388020,100,23390,130.97,0
1614388021,100,23546,128.80,0
1614388022,100,23700,136.84,0
1614388023,100,23860,149.68,0
1614388024,100,24020,124.26,0
1614388025,100,24178,122.66,0
1614388026,100,24340,121.30,0
1614388027,100,24501,121.14,0
1614388028,100,24662,122.90,0
1614388029,100,24817,120.94,0
1614388030,100,24983,122.88,0
1614388031,100,25137,132.43,0
1614388032,100,25300,145.36,0
1614388033,100,25450,122.84,0
1614388034,100,25619,132.75,0
1614388035,100,25768,130.49,0
1614388036,100,25927,135.92,0
1614388037,100,26085,127.99,0
1614388038,100,26246,125.17,0
1614388039,100,26405,127.28,0
1614388040,100,26565,133.89,0
1614388041,100,26717,146.41,0
1614388042,100,26879,126.40,0
1614388043,100,27040,126.73,0
1614388044,100,27200,129.51,0
1614388045,100,27358,129.04,0
1614388046,100,27512,125.24,0
1614388047,100,27673,128.75,0
1614388048,100,27832,124.15,0
1614388049,100,27995,132.33,0
1614388050,100,28147,130.21,0
1614388051,100,28308,136.06,0
1614388052,100,28466,123.78,0
1614388053,110,28628,124.03,0
1614388054,110,28811,129.37,0
1614388055,110,28970,135.17,0
1614388056,110,29155,152.91,0
1614388057,110,29320,144.69,0
1614388058,110,29491,132.08,0
1614388059,110,29664,146.49,0
1614388060,110,29826,143.88,0
1614388061,110,30009,142.63,0
1614388062,110,30174,126.92,0
1614388063,110,30355,127.16,0
1614388064,110,30524,125.47,0
1614388065,110,30710,138.82,0
1614388066,110,30872,128.90,0
1614388067,110,31046,137.66,0
1614388068,110,31221,132.25,0
1614388069,110,31384,142.78,0
1614388070,110,31564,154.20,0
1614388071,110,31733,127.61,0
1614388072,110,31907,135.26,0
1614388073,110,32082,133.58,0
1614388074,110,32257,125.65,0
1614388075,110,32438,130.24,0
1614388076,110,32607,127.63,0
1614388077,110,32781,136.14,0
1614388078,110,32949,155.81,0
1614388079,110,33121,143.71,0
1614388080,110,33293,131.65,0
1614388081,110,33470,140.77,0
1614388082,110,33633,137.22,0
1614388083,110,33810,141.23,0
1614388084,110,33975,134.57,0
1614388085,110,34154,136.85,0
1614388086,110,34324,129.90,0
1614388087,110,34493,146.45,0
1614388088,110,34667,153.01,0
1614388089,110,34840,122.28,0
1614388090,110,35019,128.70,0
1614388091,110,35194,127.17,0
1614388092,110,35369,128.74,0
1614388093,110,35544,129.22,0
1614388094,110,35720,137.15,0
1614388095,110,35887,131.13,0
1614388096,110,36053,152.17,0
1614388097,110,36230,158.59,0
1614388098,110,36399,124.62,0
1614388099,110,36579,128.16,0
1614388100,110,36749,124.93,0
1614388101,110,36927,130.94,0
1614388102,110,37092,129.63,0
1614388103,110,37271,133.28,0
1614388104,110,37450,128.26,0
1614388105,110,37616,141.55,0
1614388106,110,37782,152.38,0
1614388107,110,37962,136.11,0
1614388108,110,38133,130.89,0
1614388109,110,38311,128.82,0
1614388110,110,38487,126.86,0
1614388111,110,38653,125.08,0
1614388112,110,38839,132.52,0
1614388113,120,39001,129.82,0
1614388114,120,39179,165.34,0
1614388115,120,39370,171.13,0
1614388116,120,39550,160.30,0
1614388117,120,39739,140.04,0
1614388118,120,39929,149.49,0
1614388119,120,40105,142.72,0
1614388120,120,40294,145.29,0
1614388121,120,40486,136.78,0
1614388122,120,40661,140.64,0
1614388123,120,40851,161.39,0
1614388124,120,41034,156.63,0
1614388125,120,41208,171.32,0
1614388126,120,41384,173.51,0
1614388127,120,41580,145.63,0
1614388128,120,41765,135.10,0
1614388129,120,41946,139.90,0
1614388130,120,42138,140.08,0
1614388131,120,42327,136.13,0
1614388132,120,42519,136.24,0
1614388133,120,42701,150.15,0
1614388134,120,42890,159.47,0
1614388135,120,43053,164.99,0
1614388136,120,43249,145.42,0
1614388137,120,43438,139.02,0
1614388138,120,43612,156.79,0
1614388139,120,43809,179.06,0
1614388140,120,43958,173.71,0
1614388141,120,44141,178.85,0
1614388142,120,44328,191.71,0
1614388143,120,44506,180.94,0
1614388144,120,44679,165.73,0
1614388145,120,44867,136.10,0
1614388146,120,45059,136.65,0
1614388147,120,45251,134.09,0
1614388148,120,45437,134.24,0
1614388149,120,45629,131.66,0
1614388150,120,45818,125.88,0
1614388151,120,46002,143.70,0
1614388152,120,46187,154.43,0
1614388153,120,46364,160.75,0
1614388154,120,46549,150.01,0
1614388155,120,46743,150.52,0
1614388156,120,46927,146.38,0
1614388157,120,47093,157.63,0
1614388158,120,47280,171.99,0
1614388159,120,47465,157.88,0
1614388160,120,47645,165.80,0
1614388161,120,47820,173.80,0
1614388162,120,48003,168.11,0
1614388163,120,48182,164.26,0
1614388164,120,48361,134.55,0
1614388165,120,48564,136.94,0
1614388166,120,48740,138.12,0
1614388167,120,48925,138.55,0
1614388168,120,49124,144.18,0
1614388169,120,49303,137.69,0
1614388170,120,49490,153.04,0
1614388171,120,49671,173.30,0
1614388172,120,49849,165.55,0
1614388173,130,50035,136.07,0
1614388174,130,50244,157.11,0
1614388175,130,50442,144.46,0
1614388176,130,50629,149.68,0
1614388177,130,50821,157.83,0
1614388178,130,51030,174.60,0
1614388179,130,51229,157.92,0
1614388180,130,51412,179.31,0
1614388181,130,51606,185.13,0
1614388182,130,51809,176.61,0
1614388183,130,52002,145.26,0
1614388184,130,52200,147.95,0
1614388185,130,52410,145.34,0
1614388186,130,52603,138.33,0
1614388187,130,52811,143.10,0
1614388188,130,53017,138.22,0
1614388189,130,53209,160.02,0
1614388190,130,53393,197.37,0
1614388191,130,53566,192.16,0
1614388192,130,53774,202.17,0
1614388193,130,53970,143.25,0
1614388194,130,54168,145.39,0
1614388195,130,54379,144.66,0
1614388196,130,54581,135.49,0
1614388197,130,54774,138.49,0
1614388198,130,54979,148.51,0
1614388199,130,55180,162.50,0
1614388200,130,55373,166.60,0
1614388201,130,55556,177.57,0
1614388202,130,55764,155.37,0
1614388203,130,55968,142.23,0
1614388204,130,56159,147.90,0
1614388205,130,56370,143.49,0
1614388206,130,56566,140.31,0
1614388207,130,56769,147.57,0
1614388208,130,56966,151.31,0
1614388209,130,57153,183.58,0
1614388210,130,57347,169.40,0
1614388211,130,57551,170.03,0
1614388212,130,57752,150.21,0
1614388213,130,57952,144.92,0
1614388214,130,58143,145.73,0
1614388215,130,58352,144.82,0
1614388216,130,58551,140.73,0
1614388217,130,58760,148.92,0
1614388218,130,58954,153.83,0
1614388219,130,59135,166.98,0
1614388220,130,59326,191.48,0
1614388221,130,59530,171.85,0
1614388222,130,59732,137.47,0
1614388223,130,59930,138.22,0
1614388224,130,60144,141.19,0
1614388225,130,60338,134.90,0
1614388226,130,60548,139.27,0
1614388227,130,60746,134.49,0
1614388228,130,60946,167.89,0
1614388229,130,61135,168.27,0
1614388230,130,61338,161.50,0
1614388231,130,61539,141.64,0
1614388232,130,61742,146.07,0
1614388233,140,61939,149.47,0
1614388234,140,62159,154.18,0
1614388235,140,62378,147.17,0
1614388236,140,62587,150.76,0
1614388237,140,62795,174.89,0
1614388238,140,63003,166.05,0
1614388239,140,63214,172.23,0
1614388240,140,63414,188.67,0
1614388241,140,63635,149.19,0
1614388242,140,63850,147.56,0
1614388243,140,64064,146.64,0
1614388244,140,64283,148.94,0
1614388245,140,64496,150.52,0
1614388246,140,64706,150.91,0
1614388247,140,64913,167.12,0
1614388248,140,65118,168.23,0
1614388249,140,65314,228.84,0
1614388250,140,65516,195.26,0
1614388251,140,65734,155.69,0
1614388252,140,65960,151.52,0
1614388253,140,66161,150.70,0
1614388254,140,66369,164.21,0
1614388255,140,66583,164.52,0
1614388256,140,66806,168.55,0
1614388257,140,67009,159.28,0
1614388258,140,67215,157.37,0
1614388259,140,67427,173.30,0
1614388260,140,67629,198.60,0
1614388261,140,67846,155.20,0
1614388262,140,68058,139.48,0
1614388263,140,68272,150.33,0
1614388264,140,68488,164.27,0
1614388265,140,68704,152.42,0
1614388266,140,68917,144.99,0
1614388267,140,69128,165.59,0
1614388268,140,69337,170.68,0
1614388269,140,69540,174.58,0
1614388270,140,69755,167.24,0
1614388271,140,69963,157.83,0
1614388272,140,70163,169.43,0
1614388273,140,70379,169.75,0
1614388274,140,70599,152.35,0
1614388275,140,70822,143.38,0
1614388276,140,71033,144.90,0
1614388277,140,71239,176.65,0
1614388278,140,71441,172.21,0
1614388279,140,71658,177.67,0
1614388280,140,71869,163.89,0
1614388281,140,72079,150.20,0
1614388282,140,72300,147.75,0
1614388283,140,72504,168.72,0
1614388284,140,72726,170.24,0
1614388285,140,72929,155.07,0
1614388286,140,73134,153.24,0
1614388287,140,73340,183.94,0
1614388288,140,73551,175.76,0
1614388289,140,73761,176.35,0
1614388290,140,73962,150.74,0
1614388291,140,74187,165.34,0
1614388292,140,74391,182.50,0
1614388293,150,74595,166.62,0
1614388294,150,74824,167.17,0
1614388295,150,75062,161.05,0
1614388296,150,75275,174.17,0
1614388297,150,75497,191.07,0
1614388298,150,75707,191.36,0
1614388299,150,75919,195.50,0
1614388300,150,76151,188.98,0
1614388301,150,76379,155.38,0
1614388302,150,76608,152.49,0
1614388303,150,76829,156.71,0
1614388304,150,77056,160.85,0
1614388305,150,77286,159.60,0
1614388306,150,77507,157.84,0
1614388307,150,77732,181.50,0
1614388308,150,77944,177.22,0
1614388309,150,78161,184.58,0
1614388310,150,78357,284.26,0
1614388311,150,78563,216.03,0
1614388312,150,78801,176.04,0
1614388313,150,79019,177.59,0
1614388314,150,79232,174.76,0
1614388315,150,79468,164.26,0
1614388316,150,79697,162.91,0
1614388317,150,79916,157.54,0
1614388318,150,80130,197.90,0
1614388319,150,80340,191.07,0
1614388320,150,80556,189.05,0
1614388321,150,80781,189.82,0
1614388322,150,81015,155.76,0
1614388323,150,81244,158.90,0
1614388324,150,81457,193.38,0
1614388325,150,81677,194.71,0
1614388326,150,81889,205.92,0
1614388327,150,82113,163.20,0
1614388328,150,82322,200.63,0
1614388329,150,82540,210.39,0
1614388330,150,82743,206.91,0
1614388331,150,82957,218.16,0
1614388332,150,83167,222.77,0
1614388333,150,83392,178.08,0
1614388334,150,83611,193.70,0
1614388335,150,83826,192.44,0
1614388336,150,84042,187.37,0
1614388337,150,84254,191.62,0
1614388338,150,84476,201.00,0
1614388339,150,84681,202.62,0
1614388340,150,84881,212.27,0
1614388341,150,85102,220.57,0
1614388342,150,85306,207.54,0
1614388343,150,85524,211.44,0
1614388344,150,85740,183.20,0
1614388345,150,85969,166.23,0
1614388346,150,86197,160.77,0
1614388347,150,86424,171.11,0
1614388348,150,86642,162.51,0
1614388349,150,86864,177.83,0
1614388350,150,87071,226.03,0
1614388351,150,87282,210.88,0
1614388352,150,87488,200.65,0
1614388353,160,87703,215.13,0
1614388354,160,87928,239.84,0
1614388355,160,88144,212.83,0
1614388356,160,88362,224.13,0
1614388357,160,88589,199.16,0
1614388358,160,88821,205.85,0
1614388359,160,89051,198.58,0
1614388360,160,89281,197.85,0
1614388361,160,89501,220.65,0
1614388362,160,89727,241.84,0
1614388363,160,89941,221.86,0
1614388364,160,90144,269.27,0
1614388365,160,90339,250.40,0
1614388366,160,90532,334.82,0
1614388367,160,90769,273.04,0
1614388368,160,90953,257.24,0
1614388369,160,91187,223.25,0
1614388370,160,91421,215.55,0
1614388371,160,91645,207.32,0
1614388372,160,91867,197.63,0
1614388373,160,92095,213.12,0
1614388374,160,92300,270.22,0
1614388375,160,92503,262.56,0
1614388376,160,92715,248.88,0
1614388377,160,92925,255.19,0
1614388378,160,93120,286.70,0
1614388379,160,93311,351.25,0
1614388380,160,93492,387.46,0
1614388381,160,93715,247.14,0
1614388382,160,93913,236.60,0
1614388383,160,94144,271.68,0
1614388384,160,94350,257.49,0
1614388385,160,94572,203.26,0
1614388386,160,94801,229.38,0
1614388387,160,95022,225.63,0
1614388388,160,95223,252.20,0
1614388389,160,95424,300.31,0
1614388390,160,95632,276.58,0
1614388391,160,95832,301.72,0
1614388392,160,96033,286.83,0
1614388393,160,96221,347.78,0
1614388394,160,96393,366.53,0
1614388395,160,96575,416.62,0
1614388396,160,96750,423.84,0
1614388397,160,96938,307.41,0
1614388398,160,97158,287.02,0
1614388399,160,97354,330.02,0
1614388400,160,97558,300.44,0
1614388401,160,97747,306.65,0
1614388402,160,97929,267.68,0
1614388403,160,98154,313.54,0
1614388404,160,98354,251.76,0
1614388405,160,98557,316.01,0
1614388406,160,98729,327.47,0
1614388407,160,98941,353.10,0
1614388408,160,99136,301.95,0
1614388409,160,99326,328.33,0
1614388410,160,99510,324.69,0
1614388411,160,99715,332.95,0
1614388412,160,99873,410.12,0
1614388413,170,100064,417.50,0
1614388414,170,100242,468.84,0
1614388415,170,100439,350.08,0
1614388416,170,100635,356.00,0
1614388417,170,100847,339.14,0
1614388418,170,101033,299.49,0
1614388419,170,101263,345.98,0
1614388420,170,101442,342.57,0
1614388421,170,101655,332.24,0
1614388422,170,101859,381.56,0
1614388423,170,102043,351.44,0
1614388424,170,102244,377.31,0
1614388425,170,102432,372.99,0
1614388426,170,102643,373.49,0
1614388427,170,102831,368.40,0
1614388428,170,103019,352.84,0
1614388429,170,103216,400.91,0
1614388430,170,103420,345.25,0
1614388431,170,103591,382.31,0
1614388432,170,103782,447.32,0
1614388433,170,103969,471.91,0
1614388434,170,104158,273.65,0
1614388435,170,104385,338.47,0
1614388436,170,104578,309.28,0
1614388437,170,104817,315.57,0
1614388438,170,105015,309.73,0
1614388439,170,105213,355.98,0
1614388440,170,105426,311.66,0
1614388441,170,105624,338.70,0
1614388442,170,105807,338.15,0
1614388443,170,106011,356.93,0
1614388444,170,106201,384.86,0
1614388445,170,106390,354.69,0
1614388446,170,106597,410.50,0
1614388447,170,106784,327.86,0
1614388448,170,106985,379.85,0
1614388449,170,107164,348.28,0
1614388450,170,107361,402.37,0
1614388451,170,107539,460.32,0
1614388452,170,107727,473.47,0
1614388453,170,107938,358.35,0
1614388454,170,108126,347.57,0
1614388455,170,108346,336.89,0
1614388456,170,108536,351.90,0
1614388457,170,108727,309.87,0
1614388458,170,108923,341.61,0
1614388459,170,109130,379.18,0
1614388460,170,109336,359.06,0
1614388461,170,109531,314.94,0
1614388462,170,109721,391.37,0
1614388463,170,109908,385.89,0
1614388464,170,110118,357.89,0
1614388465,170,110288,412.72,0
1614388466,170,110473,405.98,0
1614388467,170,110664,436.32,0
1614388468,170,110847,402.96,0
1614388469,170,111040,413.59,0
1614388470,170,111211,507.61,0
1614388471,170,111400,371.73,0
1614388472,170,111585,529.90,0
1614388473,180,111764,375.85,0
1614388474,180,111972,390.46,0
1614388475,180,112159,432.05,0
1614388476,180,112368,407.40,0
1614388477,180,112555,419.12,0
1614388478,180,112735,387.81,0
1614388479,180,112956,358.37,0
1614388480,180,113187,387.27,0
1614388481,180,113391,362.15,0
1614388482,180,113567,383.65,0
1614388483,180,113776,413.11,0
1614388484,180,113988,409.59,0
1614388485,180,114181,381.36,0
1614388486,180,114363,448.41,0
1614388487,180,114562,406.75,0
1614388488,180,114776,429.36,0
1614388489,180,114960,430.62,0
1614388490,180,115159,382.77,0
1614388491,180,115333,522.76,0
1614388492,180,115529,433.47,0
1614388493,180,115732,380.11,0
1614388494,180,115926,407.34,0
1614388495,180,116152,399.92,0
1614388496,180,116291,396.71,0
1614388497,180,116520,381.30,0
1614388498,180,116715,438.30,0
1614388499,180,116930,433.68,0
1614388500,180,117113,428.88,0
1614388501,180,117296,369.57,0
1614388502,180,117495,494.53,0
1614388503,180,117695,430.24,0
1614388504,180,117875,455.74,0
1614388505,180,118082,416.18,0
1614388506,180,118258,454.88,0
1614388507,180,118460,403.04,0
1614388508,180,118651,427.66,0
1614388509,180,118837,408.98,0
1614388510,180,119042,426.94,0
1614388511,180,119216,629.14,0
1614388512,180,119395,441.96,0
1614388513,180,119598,426.01,0
1614388514,180,119808,377.70,0
1614388515,180,120005,416.28,0
1614388516,180,120187,372.88,0
1614388517,180,120387,422.70,0
1614388518,180,120598,372.16,0
1614388519,180,120806,402.26,0
1614388520,180,120993,449.27,0
1614388521,180,121192,389.59,0
1614388522,180,121365,380.48,0
1614388523,180,121564,508.27,0
1614388524,180,121749,467.34,0
1614388525,180,121946,421.76,0
1614388526,180,122134,465.40,0
1614388527,180,122326,439.25,0
1614388528,180,122516,437.35,0
1614388529,180,122698,455.19,0
1614388530,180,122861,569.65,0
1614388531,180,123062,496.36,0
1614388532,180,123252,416.81,0
1614388533,190,123456,382.20,0
1614388534,190,123659,461.30,0
1614388535,190,123862,400.54,0
1614388536,190,124064,435.89,0
1614388537,190,124286,424.27,0
1614388538,190,124455,465.90,0
1614388539,190,124667,503.23,0
1614388540,190,124863,415.34,0
1614388541,190,125036,479.90,0
1614388542,190,125219,456.84,0
1614388543,190,125410,633.73,0
1614388544,190,125604,516.53,0
1614388545,190,125794,495.35,0
1614388546,190,125991,427.60,0
1614388547,190,126199,433.63,0
1614388548,190,126407,478.05,0
1614388549,190,126593,459.78,0
1614388550,190,126771,501.35,0
1614388551,190,126959,564.91,0
1614388552,190,127162,450.41,0
1614388553,190,127362,424.24,0
1614388554,190,127571,459.69,0
1614388555,190,127790,415.79,0
1614388556,190,127982,455.53,0
1614388557,190,128200,395.56,0
1614388558,190,128404,461.09,0
1614388559,190,128610,385.65,0
1614388560,190,128781,455.61,0
1614388561,190,128986,440.32,0
1614388562,190,129175,479.36,0
1614388563,190,129400,456.07,0
1614388564,190,129592,492.09,0
1614388565,190,129782,461.83,0
1614388566,190,129985,468.66,0
1614388567,190,130139,497.91,0
1614388568,190,130368,464.40,0
1614388569,190,130522,501.32,0
1614388570,190,130730,568.72,0
1614388571,190,130911,384.28,0
1614388572,190,131136,455.22,0
1614388573,190,131336,401.52,0
1614388574,190,131549,466.74,0
1614388575,190,131710,430.12,0
1614388576,190,131934,428.84,0
1614388577,190,132145,432.76,0
1614388578,190,132354,407.64,0
1614388579,190,132556,422.34,0
1614388580,190,132743,478.26,0
1614388581,190,132964,464.68,0
1614388582,190,133135,466.74,0
1614388583,190,133337,444.82,0
1614388584,190,133553,470.88,0
1614388585,190,133735,415.14,0
1614388586,190,133932,503.91,0
1614388587,190,134125,451.44,0
1614388588,190,134288,601.31,0
1614388589,190,134478,600.44,0
1614388590,190,134693,449.89,0
1614388591,190,134867,427.85,0
1614388592,190,135082,401.98,0
1614388593,200,135273,438.01,0
1614388594,200,135502,464.34,0
1614388595,200,135711,503.12,0
1614388596,200,135917,455.39,0
1614388597,200,136121,504.49,0
1614388598,200,136321,453.43,0
1614388599,200,136507,418.67,0
1614388600,200,136718,569.83,0
1614388601,200,136911,500.45,0
1614388602,200,137107,550.66,0
1614388603,200,137317,484.87,0
1614388604,200,137500,523.94,0
1614388605,200,137725,502.30,0
1614388606,200,137914,496.06,0
1614388607,200,138076,561.38,0
1614388608,200,138254,715.91,0
1614388609,200,138462,502.96,0
1614388610,200,138639,583.60,0
1614388611,200,138833,489.57,0
1614388612,200,139033,583.94,0
1614388613,200,139241,506.77,0
1614388614,200,139401,520.17,0
1614388615,200,139602,490.53,0
1614388616,200,139834,470.13,0
1614388617,200,140036,513.54,0
1614388618,200,140208,506.92,0
1614388619,200,140424,493.67,0
1614388620,200,140600,615.52,0
1614388621,200,140816,467.49,0
1614388622,200,141007,473.75,0
1614388623,200,141199,609.42,0
1614388624,200,141390,553.95,0
1614388625,200,141578,457.63,0
1614388626,200,141772,579.87,0
1614388627,200,141942,645.68,0
1614388628,200,142152,591.10,0
1614388629,200,142364,402.86,0
1614388630,200,142563,452.59,0
1614388631,200,142785,463.88,0
1614388632,200,143009,454.36,0
1614388633,200,143175,418.59,0
1614388634,200,143411,499.24,0
1614388635,200,143628,446.27,0
1614388636,200,143831,493.34,0
1614388637,200,144012,419.12,0
1614388638,200,144200,503.44,0
1614388639,200,144399,449.33,0
1614388640,200,144609,627.99,0
1614388641,200,144800,514.01,0
1614388642,200,145001,531.27,0
1614388643,200,145192,496.89,0
1614388644,200,145408,532.11,0
1614388645,200,145542,513.95,0
1614388646,200,145742,712.97,0
1614388647,200,145934,518.99,0
1614388648,200,146141,493.33,0
1614388649,200,146361,427.60,0
1614388650,200,146532,500.42,0
1614388651,200,146751,458.61,0
1614388652,200,146954,499.77,0
1614388653,210,147188,465.03,0
1614388654,210,147387,537.16,0
1614388655,210,147605,497.98,0
1614388656,210,147777,427.87,0
1614388657,210,147976,555.14,0
1614388658,210,148183,561.79,0
1614388659,210,148349,632.75,0
1614388660,210,148568,695.50,0
1614388661,210,148771,501.63,0
1614388662,210,148950,561.45,0
1614388663,210,149150,585.53,0
1614388664,210,149348,561.02,0
1614388665,210,149516,631.95,0
1614388666,210,149724,575.38,0
1614388667,210,149934,523.19,0
1614388668,210,150144,508.78,0
1614388669,210,150358,499.76,0
1614388670,210,150560,576.74,0
1614388671,210,150778,480.80,0
1614388672,210,150985,502.12,0
1614388673,210,151165,536.33,0
1614388674,210,151373,514.15,0
1614388675,210,151594,589.98,0
1614388676,210,151782,548.35,0
1614388677,210,151976,556.57,0
1614388678,210,152182,590.88,0
1614388679,210,152383,550.69,0
1614388680,210,152564,628.80,0
1614388681,210,152733,600.04,0
1614388682,210,152942,620.39,0
1614388683,210,153125,599.56,0
1614388684,210,153298,633.90,0
1614388685,210,153469,661.59,0
1614388686,210,153698,606.27,0
1614388687,210,153902,538.05,0
1614388688,210,154107,495.84,0
1614388689,210,154294,573.98,0
1614388690,210,154499,522.57,0
1614388691,210,154699,502.95,0
1614388692,210,154917,542.14,0
1614388693,210,155105,540.72,0
1614388694,210,155311,455.17,0
1614388695,210,155523,536.21,0
1614388696,210,155704,501.67,0
1614388697,210,155907,526.56,0
1614388698,210,156133,545.65,0
1614388699,210,156324,523.55,0
1614388700,210,156509,511.86,0
1614388701,210,156695,753.63,0
1614388702,210,156890,656.31,0
1614388703,210,157059,709.19,0
1614388704,210,157228,590.34,0
1614388705,210,157462,568.18,0
1614388706,210,157660,527.92,0
1614388707,210,157863,495.84,0
1614388708,210,158073,565.86,0
1614388709,210,158285,492.94,0
1614388710,210,158503,576.65,0
1614388711,210,158680,485.56,0
1614388712,210,158912,502.61,0
1614388713,220,159112,489.29,0
1614388714,220,159273,578.17,0
1614388715,220,159507,625.97,0
1614388716,220,159716,621.07,0
1614388717,220,159871,607.01,0
1614388718,220,160067,632.86,0
1614388719,220,160286,628.72,0
1614388720,220,160466,584.01,0
1614388721,220,160682,637.85,0
1614388722,220,160870,607.45,0
1614388723,220,161033,749.55,0
1614388724,220,161241,673.75,0
1614388725,220,161469,570.72,0
1614388726,220,161663,551.01,0
1614388727,220,161853,510.61,0
1614388728,220,162096,628.52,0
1614388729,220,162282,485.50,0
1614388730,220,162481,598.41,0
1614388731,220,162684,548.95,0
1614388732,220,162924,522.65,0
1614388733,220,163131,482.88,0
1614388734,220,163328,622.16,0
1614388735,220,163520,603.59,0
1614388736,220,163701,644.03,0
1614388737,220,163897,708.20,0
1614388738,220,164090,628.65,0
1614388739,220,164315,613.76,0
1614388740,220,164490,597.62,0
1614388741,220,164683,682.03,0
1614388742,220,164853,631.79,0
1614388743,220,165037,839.98,0
1614388744,220,165263,526.82,0
1614388745,220,165461,574.74,0
1614388746,220,165677,600.10,0
1614388747,220,165882,510.00,0
1614388748,220,166062,639.98,0
1614388749,220,166288,538.99,0
1614388750,220,166483,641.44,0
1614388751,220,166676,625.92,0
1614388752,220,166863,570.22,0
1614388753,220,167060,618.16,0
1614388754,220,167246,572.90,0
1614388755,220,167392,627.39,0
1614388756,220,167594,644.83,0
1614388757,220,167773,657.11,0
1614388758,220,167980,818.01,0
1614388759,220,168188,620.05,0
1614388760,220,168390,700.45,0
1614388761,220,168558,631.67,0
1614388762,220,168741,805.57,0
1614388763,220,168950,665.45,0
1614388764,220,169165,570.08,0
1614388765,220,169361,502.51,0
1614388766,220,169564,530.14,0
1614388767,220,169790,575.81,0
1614388768,220,169999,537.93,0
1614388769,220,170190,570.10,0
1614388770,220,170399,565.46,0
1614388771,220,170627,523.90,0
1614388772,220,170790,478.83,0
1614388773,230,170986,506.93,0
1614388774,230,171172,580.18,0
1614388775,230,171355,613.32,0
1614388776,230,171506,1396.14,0
1614388777,230,171722,680.33,0
1614388778,230,171923,725.08,0
1614388779,230,172097,742.77,0
1614388780,230,172308,633.98,0
1614388781,230,172463,1002.67,0
1614388782,230,172692,631.45,0
1614388783,230,172924,593.86,0
1614388784,230,173117,527.80,0
1614388785,230,173322,613.65,0
1614388786,230,173554,562.47,0
1614388787,230,173782,586.92,0
1614388788,230,173949,560.93,0
1614388789,230,174174,565.33,0
1614388790,230,174425,571.07,0
1614388791,230,174594,508.94,0
1614388792,230,174798,658.75,0
1614388793,230,175025,649.89,0
1614388794,230,175207,654.21,0
1614388795,230,175427,681.24,0
1614388796,230,175613,596.06,0
1614388797,230,175828,654.73,0
1614388798,230,176011,631.30,0
1614388799,230,176236,675.16,0
1614388800,230,176403,665.55,0
1614388801,230,176619,669.68,0
1614388802,230,176820,597.98,0
1614388803,230,177040,583.43,0
1614388804,230,177259,612.54,0
1614388805,230,177452,549.42,0
1614388806,230,177705,623.04,0
1614388807,230,177880,547.37,0
1614388808,230,178091,632.00,0
1614388809,230,178285,604.57,0
1614388810,230,178514,651.49,0
1614388811,230,178658,709.33,0
1614388812,230,178869,741.79,0
1614388813,230,179052,635.98,0
1614388814,230,179275,658.56,0
1614388815,230,179451,774.43,0
1614388816,230,179644,639.58,0
1614388817,230,179841,747.87,0
1614388818,230,179988,691.09,0
1614388819,230,180203,849.95,0
1614388820,230,180423,601.78,0
1614388821,230,180605,612.52,0
1614388822,230,180831,636.96,0
1614388823,230,180997,648.58,0
1614388824,230,181210,649.52,0
1614388825,230,181392,667.88,0
1614388826,230,181619,650.04,0
1614388827,230,181804,642.75,0
1614388828,230,182007,585.94,0
1614388829,230,182243,539.96,0
1614388830,230,182443,636.71,0
1614388831,230,182636,623.31,0
1614388832,230,182845,656.52,0
1614388833,240,183023,648.24,0
1614388834,240,183224,808.55,0
1614388835,240,183424,742.67,0
1614388836,240,183616,701.81,0
1614388837,240,183815,666.61,0
1614388838,240,183994,717.99,0
1614388839,240,184219,799.06,0
1614388840,240,184402,615.83,0
1614388841,240,184620,713.11,0
1614388842,240,184852,593.94,0
1614388843,240,185040,662.04,0
1614388844,240,185245,631.55,0
1614388845,240,185474,625.38,0
1614388846,240,185678,610.50,0
1614388847,240,185902,664.87,0
1614388848,240,186090,537.91,0
1614388849,240,186316,643.88,0
1614388850,240,186493,565.96,0
1614388851,240,186695,811.93,0
1614388852,240,186883,623.30,0
1614388853,240,187084,620.97,0
1614388854,240,187287,1056.71,0
1614388855,240,187489,800.43,0
1614388856,240,187662,672.86,0
1614388857,240,187840,701.12,0
1614388858,240,188073,825.00,0
1614388859,240,188254,656.82,0
1614388860,240,188448,643.75,0
1614388861,240,188687,608.96,0
1614388862,240,188889,636.75,0
1614388863,240,189109,640.97,0
1614388864,240,189328,622.04,0
1614388865,240,189545,649.94,0
1614388866,240,189730,639.27,0
1614388867,240,189951,699.64,0
1614388868,240,190116,723.10,0
1614388869,240,190334,684.42,0
1614388870,240,190543,714.54,0
1614388871,240,190721,700.29,0
1614388872,240,190918,774.80,0
1614388873,240,191121,703.00,0
1614388874,240,191313,740.76,0
1614388875,240,191498,736.16,0
1614388876,240,191639,916.73,0
1614388877,240,191840,784.93,0
1614388878,240,192084,728.97,0
1614388879,240,192264,601.89,0
1614388880,240,192497,674.83,0
1614388881,240,192669,644.94,0
1614388882,240,192905,700.57,0
1614388883,240,193075,619.12,0
1614388884,240,193313,723.88,0
1614388885,240,193475,634.00,0
1614388886,240,193722,591.50,0
1614388887,240,193907,567.91,0
1614388888,240,194138,498.03,0
1614388889,240,194328,535.19,0
1614388890,240,194525,493.85,0
1614388891,240,194715,1014.84,0
1614388892,240,194912,698.13,0
1614388893,250,195108,791.96,0
1614388894,250,195295,1244.38,0
1614388895,250,195476,922.97,0
1614388896,250,195637,820.37,0
1614388897,250,195835,971.92,0
1614388898,250,196055,772.65,0
1614388899,250,196255,610.20,0
1614388900,250,196480,706.81,0
1614388901,250,196669,709.43,0
1614388902,250,196879,718.47,0
1614388903,250,197077,653.80,0
1614388904,250,197298,713.00,0
1614388905,250,197512,683.97,0
1614388906,250,197701,571.47,0
1614388907,250,197917,602.15,0
1614388908,250,198134,864.27,0
1614388909,250,198304,782.62,0
1614388910,250,198532,711.76,0
1614388911,250,198731,684.96,0
1614388912,250,198925,739.50,0
1614388913,250,199136,767.51,0
1614388914,250,199309,736.08,0
1614388915,250,199470,952.23,0
1614388916,250,199700,895.09,0
1614388917,250,199916,683.04,0
1614388918,250,200123,725.17,0
1614388919,250,200342,697.82,0
1614388920,250,200523,699.49,0
1614388921,250,200748,676.78,0
1614388922,250,200968,687.44,0
1614388923,250,201204,621.39,0
1614388924,250,201361,664.35,0
1614388925,250,201592,798.13,0
1614388926,250,201766,664.40,0
1614388927,250,201977,773.04,0
1614388928,250,202194,737.01,0
1614388929,250,202381,744.48,0
1614388930,250,202567,738.16,0
1614388931,250,202755,761.25,0
1614388932,250,202951,809.55,0
1614388933,250,203148,866.27,0
1614388934,250,203358,791.86,0
1614388935,250,203516,740.81,0
1614388936,250,203751,848.55,0
1614388937,250,203970,648.63,0
1614388938,250,204154,706.62,0
1614388939,250,204352,726.07,0
1614388940,250,204570,707.28,0
1614388941,250,204797,717.87,0
1614388942,250,204967,696.62,0
1614388943,250,205185,746.24,0
1614388944,250,205425,663.11,0
1614388945,250,205587,528.12,0
1614388946,250,205773,1000.58,0
1614388947,250,205991,764.90,0
1614388948,250,206150,757.67,0
1614388949,250,206382,771.17,0
1614388950,250,206537,894.60,0
1614388951,250,206740,792.31,0
1614388952,250,206961,809.65,0
1614388953,260,207149,746.56,0
1614388954,260,207318,805.52,0
1614388955,260,207481,993.89,0
1614388956,260,207702,908.62,0
1614388957,260,207943,780.05,0
1614388958,260,208136,657.99,0
1614388959,260,208315,789.18,0
1614388960,260,208551,739.19,0
1614388961,260,208772,731.43,0
1614388962,260,208969,761.40,0
1614388963,260,209153,845.46,0
1614388964,260,209344,778.12,0
1614388965,260,209524,689.53,0
1614388966,260,209703,602.06,0
1614388967,260,209896,586.99,0
1614388968,260,210100,504.82,0
1614388969,260,210280,1307.99,0
1614388970,260,210489,698.67,0
1614388971,260,210670,697.08,0
1614388972,260,210896,1184.33,0
1614388973,260,211076,722.58,0
1614388974,260,211277,712.42,0
1614388975,260,211430,1625.01,0
1614388976,260,211666,950.54,0
1614388977,260,211894,772.88,0
1614388978,260,212084,671.98,0
1614388979,260,212280,820.93,0
1614388980,260,212518,762.14,0
1614388981,260,212698,787.02,0
1614388982,260,212912,704.00,0
1614388983,260,213129,706.55,0
1614388984,260,213335,788.81,0
1614388985,260,213575,739.59,0
1614388986,260,213745,612.41,0
1614388987,260,213954,678.40,0
1614388988,260,214143,904.46,0
1614388989,260,214372,794.90,0
1614388990,260,214529,929.34,0
1614388991,260,214762,911.65,0
1614388992,260,214929,726.58,0
1614388993,260,215174,763.36,0
1614388994,260,215353,751.57,0
1614388995,260,215520,819.95,0
1614388996,260,215766,865.83,0
1614388997,260,215973,707.43,0
1614388998,260,216160,743.19,0
1614388999,260,216396,717.46,0
1614389000,260,216586,687.87,0
1614389001,260,216826,828.55,0
1614389002,260,217005,632.21,0
1614389003,260,217231,780.22,0
1614389004,260,217450,670.63,0
1614389005,260,217612,750.33,0
1614389006,260,217830,827.35,0
1614389007,260,218030,857.68,0
1614389008,260,218232,792.48,0
1614389009,260,218438,765.51,0
1614389010,260,218645,852.59,0
1614389011,260,218820,717.05,0
1614389012,260,219050,742.77,0
1614389013,270,219249,716.52,0
1614389014,270,219458,840.23,0
1614389015,270,219661,902.36,0
1614389016,270,219862,844.21,0
1614389017,270,220055,797.79,0
1614389018,270,220305,720.01,0
1614389019,270,220519,761.83,0
1614389020,270,220704,715.01,0
1614389021,270,220945,775.30,0
1614389022,270,221141,727.48,0
1614389023,270,221362,794.68,0
