Seconds,Workers,Queries,Latency,Errors
1614318972,100,0,0.00,0
1614318973,100,0,0.00,0
1614318974,100,0,0.00,0
1614318975,100,0,0.00,0
1614318976,100,0,0.00,0
1614318977,100,0,0.00,0
1614318978,100,0,0.00,0
1614318979,100,0,0.00,0
1614318980,100,0,0.00,0
1614318981,100,18,9516.78,0
1614318982,100,39,10461.67,0
1614318983,100,46,11521.33,0
1614318984,100,48,12181.50,0
1614318985,100,48,0.00,0
1614318986,100,48,0.00,0
1614318987,100,48,0.00,0
1614318988,100,48,0.00,0
1614318989,100,51,11255.33,0
1614318990,100,62,15678.30,0
1614318991,100,72,14524.70,0
1614318992,100,78,16938.67,0
1614318993,100,84,10480.60,0
1614318994,100,88,13910.75,0
1614318995,100,88,0.00,0
1614318996,100,88,0.00,0
1614318997,100,89,25251.00,0
1614318998,100,89,0.00,0
1614318999,100,91,13760.50,0
1614319000,100,96,13796.60,0
1614319001,100,103,13681.33,0
1614319002,100,112,13813.67,0
1614319003,100,121,14290.89,0
1614319004,100,124,18515.00,0
1614319005,100,125,11141.00,0
1614319006,100,126,16659.00,0
1614319007,100,126,0.00,0
1614319008,100,128,23263.00,0
1614319009,100,131,12501.00,0
1614319010,100,139,23029.00,0
1614319011,100,148,27323.22,0
1614319012,100,155,16995.14,0
1614319013,100,162,28212.57,0
1614319014,100,168,26803.80,0
1614319015,100,170,9939.00,0
1614319016,100,172,26438.00,0
1614319017,100,173,8163.00,0
1614319018,100,176,18088.33,0
1614319019,100,176,0.00,0
1614319020,100,184,13109.62,0
1614319021,100,190,19470.17,0
1614319022,100,196,16081.25,0
1614319023,100,198,15749.50,0
1614319024,100,200,10652.00,0
1614319025,100,200,0.00,0
1614319026,100,200,0.00,0
1614319027,100,202,30016.50,0
1614319028,100,203,13180.00,0
1614319029,100,209,20434.50,0
1614319030,100,211,9364.00,0
1614319031,100,214,10666.67,0
1614319032,100,215,21115.00,0
1614319033,100,219,23505.75,0
1614319034,100,223,21867.25,0
1614319035,100,227,18005.25,0
1614319036,100,228,11908.00,0
1614319037,100,229,35779.00,0
1614319038,100,231,10397.00,0
1614319039,100,233,14370.00,0
1614319040,100,240,18482.29,0
1614319041,100,240,0.00,0
1614319042,100,243,17499.67,0
1614319043,100,248,16967.80,0
1614319044,100,251,30874.33,0
1614319045,100,255,49597.75,0
1614319046,100,256,74026.00,0
1614319047,100,259,15094.67,0
1614319048,100,261,47682.00,0
1614319049,100,264,20831.00,0
1614319050,100,269,37286.60,0
1614319051,100,275,44201.80,0
1614319052,100,278,19285.67,0
1614319053,100,280,9776.50,0
1614319054,100,286,33870.17,0
1614319055,100,293,23833.71,0
1614319056,100,298,22498.20,0
1614319057,100,302,35969.25,0
1614319058,100,307,26374.80,0
1614319059,100,309,19385.50,0
1614319060,100,311,25283.50,0
1614319061,100,314,10132.33,0
1614319062,100,319,23381.80,0
1614319063,100,323,24902.75,0
1614319064,100,326,13858.67,0
1614319065,100,330,9876.50,0
1614319066,100,332,11183.00,0
1614319067,100,335,10606.50,0
1614319068,100,338,14527.33,0
1614319069,100,342,20076.50,0
1614319070,100,345,16822.33,0
1614319071,100,347,12457.50,0
1614319072,100,350,9615.00,0
1614319073,100,354,10111.00,0
1614319074,100,357,10490.33,0
1614319075,100,362,25172.20,0
1614319076,100,365,13593.00,0
1614319077,100,367,10840.00,0
1614319078,100,373,30474.33,0
1614319079,100,374,10112.00,0
1614319080,100,376,14391.00,0
1614319081,100,380,17398.75,0
1614319082,100,384,28829.75,0
1614319083,100,385,10142.00,0
1614319084,100,391,24200.20,0
1614319085,100,393,24213.50,0
1614319086,100,397,34994.25,0
1614319087,100,402,37402.40,0
1614319088,100,404,10077.50,0
1614319089,100,408,43887.00,0
1614319090,100,410,15558.00,0
1614319091,100,411,9296.00,0
1614319092,100,412,9869.00,0
1614319093,100,418,33687.80,0
1614319094,100,421,34059.67,0
1614319095,100,423,10396.50,0
1614319096,100,424,20246.00,0
1614319097,100,427,20431.67,0
1614319098,100,432,27110.40,0
1614319099,100,437,22908.80,0
1614319100,100,438,9960.00,0
1614319101,100,439,41479.00,0
1614319102,100,441,9965.00,0
1614319103,100,443,16387.00,0
1614319104,100,448,34354.00,0
1614319105,100,452,15922.33,0
1614319106,100,453,18847.00,0
1614319107,100,453,0.00,0
1614319108,100,457,23005.00,0
1614319109,100,462,13188.80,0
1614319110,100,465,19758.67,0
1614319111,100,466,21806.00,0
1614319112,100,469,21145.67,0
1614319113,100,473,9892.25,0
1614319114,100,474,10018.00,0
1614319115,100,477,20325.00,0
1614319116,100,481,14876.75,0
1614319117,100,484,9376.33,0
1614319118,100,486,47477.50,0
1614319119,100,490,12713.75,0
1614319120,100,493,56351.67,0
1614319121,100,496,58082.00,0
1614319122,100,499,16373.33,0
1614319123,100,503,60126.00,0
1614319124,100,511,22606.12,0
1614319125,100,514,74854.33,0
1614319126,100,517,20807.33,0
1614319127,100,519,38039.00,0
1614319128,100,521,13212.50,0
1614319129,100,526,35083.40,0
1614319130,100,531,13976.80,0
1614319131,100,532,150709.00,0
1614319132,100,537,30389.40,0
1614319133,100,541,12902.00,0
1614319134,100,547,10996.00,0
1614319135,100,552,21719.00,0
1614319136,100,554,11393.00,0
1614319137,100,558,59305.50,0
1614319138,100,562,8781.67,0
1614319139,100,564,9182.00,0
1614319140,100,564,0.00,0
1614319141,100,566,31759.00,0
1614319142,100,570,14357.75,0
1614319143,100,572,15892.00,0
1614319144,100,577,9333.60,0
1614319145,100,583,27232.50,0
1614319146,100,586,21961.33,0
1614319147,100,590,18731.25,0
1614319148,100,593,53249.33,0
1614319149,100,595,84588.00,0
1614319150,100,599,17159.75,0
1614319151,100,602,25324.67,0
1614319152,100,603,9486.00,0
1614319153,100,605,15951.50,0
1614319154,100,609,19025.00,0
1614319155,100,612,10048.00,0
1614319156,100,616,15333.75,0
1614319157,100,623,28229.00,0
1614319158,100,628,17367.00,0
1614319159,100,631,36306.67,0
1614319160,100,633,88162.00,0
1614319161,100,635,14602.00,0
1614319162,100,638,33943.00,0
1614319163,100,642,27737.00,0
1614319164,100,644,8372.00,0
1614319165,100,648,12372.75,0
1614319166,100,652,17114.75,0
1614319167,100,661,21062.56,0
1614319168,100,662,10747.00,0
1614319169,100,664,25279.50,0
1614319170,100,668,21512.00,0
1614319171,100,670,14691.00,0
1614319172,100,676,21928.83,0
1614319173,100,679,74209.67,0
1614319174,100,682,22519.67,0
1614319175,100,689,11814.57,0
1614319176,100,691,15369.00,0
1614319177,100,698,16554.71,0
1614319178,100,700,15364.00,0
1614319179,100,702,13218.50,0
1614319180,100,703,10682.00,0
1614319181,100,705,10656.50,0
1614319182,100,708,10415.67,0
1614319183,100,713,19688.60,0
1614319184,100,717,24827.25,0
1614319185,100,719,25173.00,0
1614319186,100,724,22216.80,0
1614319187,100,727,64107.33,0
1614319188,100,731,22460.00,0
1614319189,100,734,12962.67,0
1614319190,100,735,17884.00,0
1614319191,100,735,0.00,0
1614319192,100,737,11910.00,0
1614319193,100,740,24747.33,0
1614319194,100,745,22334.40,0
1614319195,100,746,18455.00,0
1614319196,100,747,18246.00,0
1614319197,100,749,15892.50,0
1614319198,100,753,14010.00,0
1614319199,100,757,32956.00,0
1614319200,100,758,17949.00,0
1614319201,100,761,17296.67,0
1614319202,100,762,9791.00,0
1614319203,100,762,0.00,0
1614319204,100,768,18746.33,0
1614319205,100,770,14969.00,0
1614319206,100,771,20276.00,0
1614319207,100,774,16319.00,0
1614319208,100,774,0.00,0
1614319209,100,778,13942.25,0
1614319210,100,782,15713.00,0
1614319211,100,782,0.00,0
1614319212,100,786,36430.25,0
1614319213,100,790,26106.50,0
1614319214,100,790,0.00,0
1614319215,100,795,17481.80,0
1614319216,100,797,29553.00,0
1614319217,100,800,13418.33,0
1614319218,100,802,31270.00,0
1614319219,100,804,41189.00,0
1614319220,100,808,21477.00,0
1614319221,100,810,16130.00,0
1614319222,100,813,9532.67,0
1614319223,100,813,0.00,0
1614319224,100,814,11390.00,0
1614319225,100,818,28108.75,0
1614319226,100,822,27191.00,0
1614319227,100,823,19643.00,0
1614319228,100,827,34204.25,0
1614319229,100,828,157967.00,0
1614319230,100,831,11653.67,0
1614319231,100,833,23955.00,0
1614319232,100,840,16217.29,0
1614319233,100,843,62393.33,0
1614319234,100,845,15481.00,0
1614319235,100,850,19076.80,0
1614319236,100,855,18292.00,0
1614319237,100,856,19285.00,0
1614319238,100,859,12645.00,0
1614319239,100,863,26659.50,0
1614319240,100,865,10133.50,0
1614319241,100,868,10153.67,0
1614319242,100,869,10117.00,0
1614319243,100,869,0.00,0
1614319244,100,871,25834.00,0
1614319245,100,873,11502.00,0
1614319246,100,874,10076.00,0
1614319247,100,878,14148.75,0
1614319248,100,879,74611.00,0
1614319249,100,882,84258.50,0
1614319250,100,882,0.00,0
1614319251,100,883,12983.00,0
1614319252,100,883,0.00,0
1614319253,100,886,39656.00,0
1614319254,100,889,20325.00,0
1614319255,100,891,49826.00,0
1614319256,100,893,26383.50,0
1614319257,100,895,14324.00,0
1614319258,100,898,31821.33,0
1614319259,100,901,37105.00,0
1614319260,100,904,38567.67,0
1614319261,100,906,15491.00,0
1614319262,100,907,22347.00,0
1614319263,100,911,23141.00,0
1614319264,100,915,13178.50,0
1614319265,100,916,39080.00,0
1614319266,100,917,21249.00,0
1614319267,100,923,15635.40,0
1614319268,100,927,59311.50,0
1614319269,100,931,82076.00,0
1614319270,100,936,79305.80,0
1614319271,100,937,299960.00,0
1614319272,100,937,0.00,0
1614319273,100,941,87452.25,0
1614319274,100,944,20651.33,0
1614319275,100,946,30224.50,0
1614319276,100,950,157239.50,0
1614319277,100,952,27594.00,0
1614319278,100,956,81827.00,0
1614319279,100,958,26081.50,0
1614319280,100,963,84689.40,0
1614319281,100,966,31248.00,0
1614319282,100,971,58319.20,0
1614319283,100,975,87076.75,0
1614319284,100,975,0.00,0
1614319285,100,977,9149.50,0
1614319286,100,979,18425.00,0
1614319287,100,983,13843.50,0
1614319288,100,987,9896.50,0
1614319289,100,989,45895.50,0
1614319290,100,991,9481.50,0
1614319291,100,993,11280.00,0
1614319292,100,994,11603.00,0
1614319293,100,997,15942.00,0
1614319294,100,1004,18244.86,0
1614319295,100,1005,20818.00,0
1614319296,100,1009,20456.25,0
1614319297,100,1013,35051.75,0
1614319298,100,1016,10231.00,0
1614319299,100,1020,18179.25,0
1614319300,100,1023,18663.00,0
1614319301,100,1027,93603.00,0
1614319302,100,1030,13224.67,0
1614319303,100,1032,14392.00,0
1614319304,100,1036,39585.75,0
1614319305,100,1039,17523.00,0
1614319306,100,1041,14494.00,0
1614319307,100,1045,27202.75,0
1614319308,100,1049,80382.25,0
1614319309,100,1052,25931.00,0
1614319310,100,1056,61068.25,0
1614319311,100,1061,11305.80,0
1614319312,100,1069,64252.62,0
1614319313,100,1072,203794.67,0
1614319314,100,1077,15167.00,0
1614319315,100,1080,28973.33,0
1614319316,100,1083,13440.00,0
1614319317,100,1083,0.00,0
1614319318,100,1088,19000.60,0
1614319319,100,1089,38801.00,0
1614319320,100,1094,81408.80,0
1614319321,100,1096,11136.50,0
1614319322,100,1101,11659.75,0
1614319323,100,1104,79681.67,0
1614319324,100,1107,13190.67,0
1614319325,100,1110,9900.00,0
1614319326,100,1111,10318.00,0
1614319327,100,1113,10367.50,0
1614319328,100,1115,8728.50,0
1614319329,100,1121,63820.17,0
1614319330,100,1125,12963.25,0
1614319331,100,1128,19483.33,0
1614319332,100,1137,33146.11,0
1614319333,100,1141,56909.75,0
1614319334,100,1143,9562.50,0
1614319335,100,1145,10628.50,0
1614319336,100,1145,0.00,0
1614319337,100,1148,36789.33,0
1614319338,100,1151,40623.00,0
1614319339,100,1153,86153.00,0
1614319340,100,1155,10112.50,0
1614319341,100,1161,16289.17,0
1614319342,100,1166,14901.60,0
1614319343,100,1170,10167.75,0
1614319344,100,1171,9573.00,0
1614319345,100,1173,39249.00,0
1614319346,100,1174,37651.00,0
1614319347,100,1175,0.00,0
1614319348,100,1175,0.00,0
1614319349,100,1179,37255.75,0
1614319350,100,1185,64592.50,0
1614319351,100,1187,94058.50,0
1614319352,100,1194,10083.00,0
1614319353,100,1200,73078.80,0
1614319354,100,1201,41567.00,0
1614319355,100,1202,9377.00,0
1614319356,100,1205,25178.00,0
1614319357,100,1206,307166.00,0
1614319358,100,1208,29112.00,0
1614319359,100,1209,9581.00,0
1614319360,100,1212,19058.00,0
1614319361,100,1219,10713.80,0
1614319362,100,1225,22255.17,0
1614319363,100,1226,10071.00,0
1614319364,100,1226,0.00,0
1614319365,100,1229,29992.00,0
1614319366,100,1233,28878.25,0
1614319367,100,1235,24978.50,0
1614319368,100,1237,24287.50,0
1614319369,100,1239,14225.50,0
1614319370,100,1249,17046.30,0
1614319371,100,1253,35075.00,0
1614319372,100,1256,127747.67,0
1614319373,100,1256,0.00,0
1614319374,100,1262,24717.67,0
1614319375,100,1264,25453.00,0
1614319376,100,1267,16226.33,0
1614319377,100,1268,300779.00,0
1614319378,100,1269,9552.00,0
1614319379,100,1270,9660.00,0
1614319380,100,1273,14468.67,0
1614319381,100,1279,15299.33,0
1614319382,100,1285,90059.80,0
1614319383,100,1290,28199.40,0
1614319384,100,1296,29096.50,0
1614319385,100,1298,19710.00,0
1614319386,100,1300,20232.00,0
1614319387,100,1307,63078.14,0
1614319388,100,1308,12310.00,0
1614319389,100,1312,17631.67,0
1614319390,100,1316,41224.75,0
1614319391,100,1317,10245.00,0
1614319392,100,1323,27379.83,0
1614319393,100,1328,23701.00,0
1614319394,100,1330,10022.00,0
1614319395,100,1335,25389.80,0
1614319396,100,1338,13590.33,0
1614319397,100,1340,9752.00,0
1614319398,100,1344,27791.00,0
1614319399,100,1346,13827.00,0
1614319400,100,1351,71968.40,0
1614319401,100,1356,38800.20,0
1614319402,100,1358,14351.00,0
1614319403,100,1361,12027.67,0
1614319404,100,1366,38421.80,0
1614319405,100,1370,14448.00,0
1614319406,100,1373,10402.00,0
1614319407,100,1374,18801.00,0
1614319408,100,1378,26776.25,0
1614319409,100,1380,29318.00,0
1614319410,100,1386,15832.17,0
1614319411,100,1391,48450.50,0
1614319412,100,1393,19962.00,0
1614319413,100,1396,10786.00,0
1614319414,100,1397,74599.00,0
1614319415,100,1402,11694.00,0
1614319416,100,1405,20125.67,0
1614319417,100,1407,11988.00,0
1614319418,100,1413,16514.80,0
1614319419,100,1414,19251.00,0
1614319420,100,1419,30495.80,0
1614319421,100,1419,0.00,0
1614319422,100,1422,24027.00,0
1614319423,100,1429,21590.29,0
1614319424,100,1430,11779.00,0
1614319425,100,1433,20933.33,0
1614319426,100,1436,38548.00,0
1614319427,100,1439,20548.33,0
1614319428,100,1441,24518.00,0
1614319429,100,1442,8317.00,0
1614319430,100,1448,18530.33,0
1614319431,100,1452,18055.00,0
1614319432,100,1455,68647.67,0
1614319433,100,1457,14414.00,0
1614319434,100,1460,11842.00,0
1614319435,100,1463,17180.67,0
1614319436,100,1467,81965.75,0
1614319437,100,1469,13270.50,0
1614319438,100,1472,118410.67,0
1614319439,100,1477,16983.40,0
1614319440,100,1478,18611.00,0
1614319441,100,1484,16244.00,0
1614319442,100,1485,9974.00,0
1614319443,100,1489,15317.50,0
1614319444,100,1492,34025.33,0
1614319445,100,1494,22320.00,0
1614319446,100,1499,39538.00,0
1614319447,100,1502,26434.00,0
1614319448,100,1504,9975.50,0
1614319449,100,1506,14223.50,0
1614319450,100,1509,25713.33,0
1614319451,100,1511,26659.00,0
1614319452,100,1517,16812.83,0
1614319453,100,1522,22284.60,0
1614319454,100,1524,160028.50,0
1614319455,100,1529,30128.80,0
1614319456,100,1532,31803.33,0
1614319457,100,1539,16743.14,0
1614319458,100,1541,18902.00,0
1614319459,100,1541,0.00,0
1614319460,100,1543,26207.00,0
1614319461,100,1547,15978.25,0
1614319462,100,1551,81843.50,0
1614319463,100,1554,34730.33,0
1614319464,100,1559,21519.40,0
1614319465,100,1565,25967.67,0
1614319466,100,1568,59140.67,0
1614319467,100,1570,25231.50,0
1614319468,100,1571,11124.00,0
1614319469,100,1573,25571.00,0
1614319470,100,1577,25754.25,0
1614319471,100,1581,12888.75,0
1614319472,100,1586,14849.40,0
1614319473,100,1592,43884.83,0
1614319474,100,1594,9337.00,0
1614319475,100,1597,15999.67,0
1614319476,100,1600,20547.33,0
1614319477,100,1602,15754.50,0
1614319478,100,1604,16189.50,0
1614319479,100,1604,0.00,0
1614319480,100,1606,9487.50,0
1614319481,100,1610,33870.00,0
1614319482,100,1617,14167.57,0
1614319483,100,1622,12061.75,0
1614319484,100,1625,138803.00,0
1614319485,100,1628,13984.00,0
1614319486,100,1632,10026.25,0
1614319487,100,1635,38376.33,0
1614319488,100,1637,177680.00,0
1614319489,100,1638,290752.00,0
1614319490,100,1639,20498.00,0
1614319491,100,1640,9323.00,0
1614319492,100,1643,20904.33,0
1614319493,100,1649,21067.67,0
1614319494,100,1655,21265.83,0
1614319495,100,1659,18408.75,0
1614319496,100,1662,61735.33,0
1614319497,100,1664,153935.00,0
1614319498,100,1667,22874.33,0
1614319499,100,1670,21495.67,0
1614319500,100,1671,76085.00,0
1614319501,100,1672,18429.00,0
1614319502,100,1677,11597.20,0
1614319503,100,1677,0.00,0
1614319504,100,1680,156913.33,0
1614319505,100,1683,13989.67,0
1614319506,100,1684,11545.00,0
1614319507,100,1689,19864.50,0
1614319508,100,1691,24764.50,0
1614319509,100,1696,17766.60,0
1614319510,100,1696,0.00,0
1614319511,100,1697,22945.00,0
1614319512,100,1699,40118.50,0
1614319513,100,1702,42126.33,0
1614319514,100,1705,17773.67,0
1614319515,100,1712,29879.00,0
1614319516,100,1714,10137.00,0
1614319517,100,1715,12857.00,0
1614319518,100,1716,0.00,0
1614319519,100,1717,12544.00,0
1614319520,100,1720,25696.33,0
1614319521,100,1722,27931.00,0
1614319522,100,1724,18226.00,0
1614319523,100,1727,17991.67,0
1614319524,100,1727,0.00,0
1614319525,100,1730,59291.00,0
1614319526,100,1733,17040.33,0
1614319527,100,1736,71932.33,0
1614319528,100,1738,60895.00,0
1614319529,100,1742,83843.75,0
1614319530,100,1744,23234.00,0
1614319531,100,1744,0.00,0
1614319532,100,1747,71760.67,0
1614319533,100,1753,22849.00,0
1614319534,100,1756,12061.67,0
1614319535,100,1758,22396.50,0
1614319536,100,1759,22449.00,0
1614319537,100,1762,29293.67,0
1614319538,100,1765,29845.67,0
1614319539,100,1765,0.00,0
1614319540,100,1769,39484.00,0
1614319541,100,1771,11758.50,0
1614319542,100,1773,11541.50,0
1614319543,100,1780,58238.57,0
1614319544,100,1786,90920.33,0
1614319545,100,1788,32216.00,0
1614319546,100,1793,41260.20,0
1614319547,100,1795,15667.50,0
1614319548,100,1799,34233.00,0
1614319549,100,1802,22110.00,0
1614319550,100,1804,16263.00,0
1614319551,100,1807,15261.33,0
1614319552,100,1809,8954.00,0
1614319553,100,1813,84815.25,0
1614319554,100,1814,10857.00,0
1614319555,100,1816,15282.50,0
1614319556,100,1819,56059.33,0
1614319557,100,1823,10768.00,0
1614319558,100,1830,23163.29,0
1614319559,100,1831,83613.00,0
1614319560,100,1835,16694.00,0
1614319561,100,1836,17706.00,0
1614319562,100,1838,44328.50,0
1614319563,100,1840,161969.50,0
1614319564,100,1843,23295.00,0
1614319565,100,1847,13023.25,0
1614319566,100,1852,11849.40,0
1614319567,100,1855,109333.00,0
1614319568,100,1861,25739.17,0
1614319569,100,1864,10445.67,0
1614319570,100,1866,9893.00,0
1614319571,100,1867,45149.00,0
1614319572,100,1874,23858.00,0
1614319573,100,1878,35248.67,0
1614319574,100,1879,10030.00,0
1614319575,100,1882,8636.00,0
1614319576,100,1885,11498.00,0
1614319577,100,1888,15895.00,0
1614319578,100,1895,19385.43,0
1614319579,100,1899,48038.00,0
1614319580,100,1901,8097.00,0
1614319581,100,1902,73114.00,0
1614319582,100,1905,43055.33,0
1614319583,100,1909,18220.75,0
1614319584,100,1912,14340.50,0
1614319585,100,1913,8522.00,0
1614319586,100,1914,40270.00,0
1614319587,100,1919,19630.80,0
1614319588,100,1923,15016.00,0
1614319589,100,1924,39247.00,0
1614319590,100,1927,10637.67,0
1614319591,100,1934,46479.86,0
1614319592,100,1936,20361.50,0
1614319593,100,1938,25388.50,0
1614319594,100,1941,35408.33,0
1614319595,100,1946,47369.80,0
1614319596,100,1947,18569.00,0
1614319597,100,1948,19417.00,0
1614319598,100,1953,13981.20,0
1614319599,100,1956,17895.00,0
1614319600,100,1957,18858.00,0
1614319601,100,1963,30604.40,0
1614319602,100,1969,25186.83,0
1614319603,100,1972,10341.67,0
1614319604,100,1974,25308.00,0
1614319605,100,1978,20439.25,0
1614319606,100,1980,22437.00,0
1614319607,100,1985,14744.00,0
1614319608,100,1990,14131.80,0
1614319609,100,1994,11943.25,0
1614319610,100,1995,167476.00,0
1614319611,100,1997,10204.00,0
1614319612,100,2002,24249.20,0
1614319613,100,2004,24503.50,0
1614319614,100,2004,0.00,0
1614319615,100,2006,23763.50,0
1614319616,100,2007,10469.00,0
1614319617,100,2013,9613.50,0
1614319618,100,2016,24138.33,0
1614319619,100,2017,9799.00,0
1614319620,100,2021,26500.25,0
1614319621,100,2023,48472.50,0
1614319622,100,2023,0.00,0
1614319623,100,2028,20666.80,0
1614319624,100,2030,44790.50,0
1614319625,100,2030,0.00,0
1614319626,100,2033,15287.67,0
1614319627,100,2035,10281.00,0
1614319628,100,2036,10775.00,0
1614319629,100,2037,18105.00,0
1614319630,100,2042,17723.80,0
1614319631,100,2044,7629.00,0
1614319632,100,2046,56853.50,0
1614319633,100,2047,10087.00,0
1614319634,100,2051,88435.25,0
1614319635,100,2053,13253.00,0
1614319636,100,2059,23090.17,0
1614319637,100,2061,26474.00,0
1614319638,100,2064,25224.00,0
1614319639,100,2066,155160.50,0
1614319640,100,2069,69494.67,0
1614319641,100,2069,0.00,0
1614319642,100,2070,170191.00,0
1614319643,100,2072,39056.50,0
1614319644,100,2073,10214.00,0
1614319645,100,2076,154347.00,0
1614319646,100,2080,11990.25,0
1614319647,100,2086,27055.00,0
1614319648,100,2091,12954.75,0
1614319649,100,2091,0.00,0
1614319650,100,2092,153017.00,0
1614319651,100,2097,19245.20,0
1614319652,100,2097,0.00,0
1614319653,100,2099,8862.00,0
1614319654,100,2100,9695.00,0
1614319655,100,2103,19158.33,0
1614319656,100,2108,21635.80,0
1614319657,100,2115,20877.43,0
1614319658,100,2117,16265.00,0
1614319659,100,2120,20311.00,0
1614319660,100,2122,60931.00,0
1614319661,100,2126,87436.25,0
1614319662,100,2130,25393.00,0
1614319663,100,2131,40279.00,0
1614319664,100,2132,149488.00,0
1614319665,100,2134,15382.00,0
1614319666,100,2136,9848.50,0
1614319667,100,2140,11939.00,0
1614319668,100,2142,15649.50,0
1614319669,100,2145,11127.67,0
1614319670,100,2148,14364.67,0
1614319671,100,2150,9299.50,0
1614319672,100,2152,11087.50,0
1614319673,100,2154,14783.50,0
1614319674,100,2158,26980.50,0
1614319675,100,2159,18625.00,0
1614319676,100,2163,29163.25,0
1614319677,100,2163,0.00,0
1614319678,100,2165,49944.50,0
1614319679,100,2166,18286.00,0
1614319680,100,2170,13087.25,0
1614319681,100,2173,35160.00,0
1614319682,100,2173,0.00,0
1614319683,100,2173,0.00,0
1614319684,100,2177,25140.75,0
1614319685,100,2178,38333.00,0
1614319686,100,2181,16152.00,0
1614319687,100,2183,43903.50,0
1614319688,100,2185,30156.50,0
1614319689,100,2187,15447.50,0
1614319690,100,2190,43612.00,0
1614319691,100,2195,22000.00,0
1614319692,100,2197,21759.00,0
1614319693,100,2202,30502.60,0
1614319694,100,2207,28120.20,0
1614319695,100,2207,0.00,0
1614319696,100,2209,10592.00,0
1614319697,100,2211,14959.00,0
1614319698,100,2212,10029.00,0
1614319699,100,2213,300703.00,0
1614319700,100,2216,113910.67,0
1614319701,100,2218,10450.50,0
1614319702,100,2220,42544.50,0
1614319703,100,2221,10379.00,0
1614319704,100,2224,10940.00,0
1614319705,100,2226,233008.00,0
1614319706,100,2229,33883.67,0
1614319707,100,2231,11604.00,0
1614319708,100,2232,10502.00,0
1614319709,100,2235,15658.33,0
1614319710,100,2239,17823.75,0
1614319711,100,2242,16555.50,0
1614319712,100,2246,107203.00,0
1614319713,100,2247,19013.00,0
1614319714,100,2247,0.00,0
1614319715,100,2249,15086.50,0
1614319716,100,2254,95104.40,0
1614319717,100,2255,71068.00,0
1614319718,100,2257,9522.50,0
1614319719,100,2261,11827.00,0
1614319720,100,2266,89147.25,0
1614319721,100,2268,25049.50,0
1614319722,100,2270,10093.50,0
1614319723,100,2273,14995.00,0
1614319724,100,2276,22909.00,0
1614319725,100,2280,20062.75,0
1614319726,100,2282,82094.00,0
1614319727,100,2287,45220.60,0
1614319728,100,2288,10265.00,0
1614319729,100,2291,63179.00,0
1614319730,100,2294,20627.67,0
1614319731,100,2299,26217.80,0
1614319732,100,2301,38386.00,0
1614319733,100,2305,25354.50,0
1614319734,100,2308,9077.67,0
1614319735,100,2308,0.00,0
1614319736,100,2310,13377.50,0
1614319737,100,2313,12570.33,0
1614319738,100,2317,31776.75,0
1614319739,100,2322,25092.20,0
1614319740,100,2323,151084.00,0
1614319741,100,2327,17036.75,0
1614319742,100,2331,26145.75,0
1614319743,100,2334,39827.00,0
1614319744,100,2339,12648.40,0
1614319745,100,2341,15439.00,0
1614319746,100,2345,36325.00,0
1614319747,100,2347,10144.00,0
1614319748,100,2348,9573.00,0
1614319749,100,2350,24234.50,0
1614319750,100,2352,14995.50,0
1614319751,100,2353,20828.00,0
1614319752,100,2358,72588.40,0
1614319753,100,2360,86607.50,0
1614319754,100,2362,15809.00,0
1614319755,100,2364,43263.50,0
1614319756,100,2368,18079.25,0
1614319757,100,2370,13524.00,0
1614319758,100,2373,119650.67,0
1614319759,100,2376,157114.50,0
1614319760,100,2378,39837.50,0
1614319761,100,2380,15499.00,0
1614319762,100,2384,197521.25,0
1614319763,100,2385,10014.00,0
1614319764,100,2391,15365.33,0
1614319765,100,2394,12805.33,0
1614319766,100,2396,87808.50,0
1614319767,100,2399,16752.67,0
1614319768,100,2402,34501.00,0
1614319769,100,2407,12595.20,0
1614319770,100,2409,163285.50,0
1614319771,100,2413,21706.50,0
1614319772,100,2415,116170.50,0
1614319773,100,2420,28877.00,0
1614319774,100,2424,13135.67,0
1614319775,100,2427,9808.33,0
1614319776,100,2429,14684.00,0
1614319777,100,2430,37720.00,0
1614319778,100,2435,52096.20,0
1614319779,100,2440,24136.80,0
1614319780,100,2443,21295.33,0
1614319781,100,2446,13120.33,0
1614319782,100,2452,9855.67,0
1614319783,100,2457,78556.60,0
1614319784,100,2460,9356.33,0
1614319785,100,2461,21043.00,0
1614319786,100,2464,12420.33,0
1614319787,100,2465,164002.00,0
1614319788,100,2470,86316.50,0
1614319789,100,2472,13115.50,0
1614319790,100,2475,29304.67,0
1614319791,100,2479,11157.50,0
1614319792,100,2481,29745.00,0
1614319793,100,2484,10590.50,0
1614319794,100,2489,12646.75,0
1614319795,100,2491,10224.50,0
1614319796,100,2491,0.00,0
1614319797,100,2494,13261.00,0
1614319798,100,2495,9523.00,0
1614319799,100,2497,15542.00,0
1614319800,100,2502,20464.20,0
1614319801,100,2510,18845.29,0
1614319802,100,2510,0.00,0
1614319803,100,2516,111620.00,0
1614319804,100,2518,25128.50,0
1614319805,100,2519,21293.00,0
1614319806,100,2520,11402.00,0
1614319807,100,2523,18721.67,0
1614319808,100,2525,15255.00,0
1614319809,100,2529,22630.25,0
1614319810,100,2534,24803.20,0
1614319811,100,2539,20421.60,0
1614319812,100,2547,69968.38,0
1614319813,100,2552,23588.20,0
1614319814,100,2557,53028.60,0
1614319815,100,2558,22320.00,0
1614319816,100,2559,77166.00,0
1614319817,100,2561,13831.50,0
1614319818,100,2565,61492.00,0
1614319819,100,2567,10065.50,0
1614319820,100,2571,12455.50,0
1614319821,100,2574,32526.67,0
1614319822,100,2577,106640.67,0
1614319823,100,2580,33245.00,0
1614319824,100,2584,10199.50,0
1614319825,100,2586,13313.00,0
1614319826,100,2586,0.00,0
1614319827,100,2591,13693.20,0
1614319828,100,2592,21019.00,0
1614319829,100,2596,26281.67,0
1614319830,100,2596,0.00,0
1614319831,100,2601,46782.20,0
1614319832,100,2608,17267.71,0
1614319833,100,2610,20396.50,0
1614319834,100,2611,10038.00,0
1614319835,100,2615,16273.75,0
1614319836,100,2618,30038.67,0
1614319837,100,2620,10317.50,0
1614319838,100,2622,25444.00,0
1614319839,100,2623,11843.00,0
1614319840,100,2623,0.00,0
1614319841,100,2628,14422.00,0
1614319842,100,2630,30285.00,0
1614319843,100,2633,25333.00,0
1614319844,100,2636,32251.33,0
1614319845,100,2637,10517.00,0
1614319846,100,2642,15697.80,0
1614319847,100,2645,14338.00,0
1614319848,100,2645,0.00,0
1614319849,100,2646,16992.00,0
1614319850,100,2646,0.00,0
1614319851,100,2647,9477.00,0
1614319852,100,2651,25968.25,0
1614319853,100,2656,18909.00,0
1614319854,100,2661,77756.60,0
1614319855,100,2663,9349.50,0
1614319856,100,2668,26132.20,0
1614319857,100,2671,14944.50,0
1614319858,100,2671,0.00,0
1614319859,100,2672,39938.00,0
1614319860,100,2673,19662.00,0
1614319861,100,2676,13490.00,0
1614319862,100,2679,16596.33,0
1614319863,100,2680,9279.00,0
1614319864,100,2684,15131.50,0
1614319865,100,2684,0.00,0
1614319866,100,2687,75942.67,0
1614319867,100,2689,83703.50,0
1614319868,100,2690,41369.00,0
1614319869,100,2691,11660.00,0
1614319870,100,2693,31832.00,0
1614319871,100,2694,16756.00,0
1614319872,100,2695,19771.00,0
1614319873,100,2704,50134.00,0
1614319874,100,2707,37053.33,0
1614319875,100,2708,45737.00,0
1614319876,100,2709,37953.00,0
1614319877,100,2714,38513.20,0
1614319878,100,2714,0.00,0
1614319879,100,2717,13804.33,0
1614319880,100,2717,0.00,0
1614319881,100,2717,0.00,0
1614319882,100,2717,0.00,0
1614319883,100,2719,10177.50,0
1614319884,100,2722,16766.33,0
1614319885,100,2725,10497.33,0
1614319886,100,2725,0.00,0
1614319887,100,2725,0.00,0
1614319888,100,2730,26693.80,0
1614319889,100,2732,44310.50,0
1614319890,100,2734,10709.00,0
1614319891,100,2735,289338.00,0
1614319892,100,2736,19541.00,0
1614319893,100,2736,0.00,0
1614319894,100,2738,19978.50,0
1614319895,100,2743,131534.00,0
1614319896,100,2750,68176.29,0
1614319897,100,2750,0.00,0
1614319898,100,2754,48356.75,0
1614319899,100,2758,86026.25,0
1614319900,100,2762,58082.75,0
1614319901,100,2766,53984.75,0
1614319902,100,2767,18441.00,0
1614319903,100,2769,8573.00,0
1614319904,100,2773,35045.25,0
1614319905,100,2778,18490.40,0
1614319906,100,2780,16721.50,0
1614319907,100,2784,41071.00,0
1614319908,100,2784,0.00,0
1614319909,100,2789,36035.80,0
1614319910,100,2790,40076.00,0
1614319911,100,2794,20310.00,0
1614319912,100,2796,13842.00,0
1614319913,100,2796,0.00,0
1614319914,100,2800,48509.50,0
1614319915,100,2802,9227.50,0
1614319916,100,2805,106505.33,0
1614319917,100,2810,44623.40,0
1614319918,100,2816,13396.17,0
1614319919,100,2817,21282.00,0
1614319920,100,2819,159923.50,0
1614319921,100,2824,11889.40,0
1614319922,100,2826,293845.50,0
1614319923,100,2826,0.00,0
1614319924,100,2829,59924.67,0
1614319925,100,2834,34319.80,0
1614319926,100,2834,0.00,0
1614319927,100,2840,13673.50,0
1614319928,100,2842,9842.50,0
1614319929,100,2843,151381.00,0
1614319930,100,2845,14935.00,0
1614319931,100,2851,22311.00,0
1614319932,100,2852,40087.00,0
1614319933,100,2853,38535.00,0
1614319934,100,2854,9255.00,0
1614319935,100,2859,91275.00,0
1614319936,100,2862,111942.33,0
1614319937,100,2868,109573.83,0
1614319938,100,2872,15689.25,0
1614319939,100,2875,11079.67,0
1614319940,100,2875,0.00,0
1614319941,100,2878,26813.33,0
1614319942,100,2881,21306.33,0
1614319943,100,2885,13753.75,0
1614319944,100,2889,42078.00,0
1614319945,100,2892,9980.50,0
1614319946,100,2894,14793.00,0
1614319947,100,2900,28823.67,0
1614319948,100,2904,10089.00,0
1614319949,100,2905,12144.00,0
1614319950,100,2907,20141.00,0
1614319951,100,2910,21705.00,0
1614319952,100,2913,21050.67,0
1614319953,100,2917,19540.00,0
1614319954,100,2923,13226.17,0
1614319955,100,2923,0.00,0
1614319956,100,2926,9401.33,0
1614319957,100,2927,10114.00,0
1614319958,100,2928,22188.00,0
1614319959,100,2933,24855.00,0
1614319960,100,2933,0.00,0
1614319961,100,2936,9954.33,0
1614319962,100,2939,87684.00,0
1614319963,100,2941,10390.50,0
1614319964,100,2944,13216.00,0
1614319965,100,2951,31993.29,0
1614319966,100,2952,20866.00,0
1614319967,100,2955,18291.33,0
1614319968,100,2956,311748.00,0
1614319969,100,2958,45871.00,0
1614319970,100,2961,22880.67,0
1614319971,100,2963,42202.00,0
1614319972,100,2965,14262.00,0
1614319973,100,2970,75361.40,0
1614319974,100,2975,48625.00,0
1614319975,100,2976,164158.00,0
1614319976,100,2978,41389.50,0
1614319977,100,2981,12430.33,0
1614319978,100,2984,31317.33,0
1614319979,100,2986,73974.00,0
1614319980,100,2989,13823.00,0
1614319981,100,2990,10305.00,0
1614319982,100,2997,22820.86,0
1614319983,100,2998,8876.00,0
1614319984,100,3000,28223.00,0
1614319985,100,3003,63608.00,0
1614319986,100,3007,22336.75,0
1614319987,100,3010,60358.67,0
1614319988,100,3012,29846.50,0
1614319989,100,3014,15706.50,0
1614319990,100,3015,9745.00,0
1614319991,100,3016,11247.00,0
1614319992,100,3019,10601.50,0
1614319993,100,3021,19696.00,0
1614319994,100,3022,11113.00,0
1614319995,100,3028,67943.67,0
1614319996,100,3029,11713.00,0
1614319997,100,3033,63288.50,0
1614319998,100,3041,59970.00,0
1614319999,100,3043,27168.50,0
1614320000,100,3045,42070.00,0
1614320001,100,3048,13045.67,0
1614320002,100,3050,24773.50,0
1614320003,100,3051,19874.00,0
1614320004,100,3054,14990.50,0
1614320005,100,3055,10044.00,0
1614320006,100,3058,94899.50,0
1614320007,100,3062,28610.25,0
1614320008,100,3069,35728.00,0
1614320009,100,3071,10853.50,0
1614320010,100,3075,13122.67,0
1614320011,100,3077,24390.00,0
1614320012,100,3078,18664.00,0
1614320013,100,3081,31698.67,0
1614320014,100,3085,25455.50,0
1614320015,100,3088,125019.00,0
1614320016,100,3090,14199.50,0
1614320017,100,3092,30314.50,0
1614320018,100,3098,15374.17,0
1614320019,100,3101,59505.33,0
1614320020,100,3103,16349.00,0
1614320021,100,3107,24879.75,0
1614320022,100,3109,30210.00,0
1614320023,100,3111,89568.00,0
1614320024,100,3114,10216.67,0
1614320025,100,3114,0.00,0
1614320026,100,3121,82520.71,0
1614320027,100,3126,26370.20,0
1614320028,100,3127,9248.00,0
1614320029,100,3131,12296.75,0
1614320030,100,3135,48396.25,0
1614320031,100,3140,21141.60,0
1614320032,100,3141,9977.00,0
1614320033,100,3143,89292.00,0
1614320034,100,3147,14010.00,0
1614320035,100,3150,32888.00,0
1614320036,100,3152,14498.50,0
1614320037,100,3160,63420.25,0
1614320038,100,3162,15530.50,0
1614320039,100,3164,40980.00,0
1614320040,100,3166,12039.00,0
1614320041,100,3174,13025.12,0
1614320042,100,3178,43432.25,0
1614320043,100,3181,20366.33,0
1614320044,100,3186,15574.00,0
1614320045,100,3188,9664.00,0
1614320046,100,3192,40594.75,0
1614320047,100,3196,17114.00,0
1614320048,100,3198,11002.00,0
1614320049,100,3201,31587.33,0
1614320050,100,3206,17382.20,0
1614320051,100,3208,16052.00,0
1614320052,100,3212,19906.00,0
1614320053,100,3216,10052.25,0
1614320054,100,3218,80833.00,0
1614320055,100,3220,10461.00,0
1614320056,100,3225,26121.20,0
1614320057,100,3228,10684.00,0
1614320058,100,3232,85795.75,0
1614320059,100,3235,59073.00,0
1614320060,100,3237,9235.50,0
1614320061,100,3244,34900.29,0
1614320062,100,3247,9814.67,0
1614320063,100,3253,60455.83,0
1614320064,100,3256,156650.33,0
1614320065,100,3257,18549.00,0
1614320066,100,3262,11683.00,0
1614320067,100,3264,100436.00,0
1614320068,100,3266,10007.50,0
1614320069,100,3271,11981.80,0
1614320070,100,3276,22914.40,0
1614320071,100,3277,10277.00,0
1614320072,100,3284,36628.86,0
1614320073,100,3288,9726.50,0
1614320074,100,3288,0.00,0
1614320075,100,3291,13887.00,0
1614320076,100,3296,58152.80,0
1614320077,100,3298,14142.50,0
1614320078,100,3302,34721.75,0
1614320079,100,3303,10337.00,0
1614320080,100,3307,24939.75,0
1614320081,100,3309,10958.50,0
1614320082,100,3318,20513.78,0
1614320083,100,3321,10370.67,0
1614320084,100,3322,10941.00,0
1614320085,100,3323,34961.00,0
1614320086,100,3326,19571.33,0
1614320087,100,3331,98290.00,0
1614320088,100,3335,12872.00,0
1614320089,100,3338,39426.67,0
1614320090,100,3339,10276.00,0
1614320091,100,3344,11630.20,0
1614320092,100,3348,13234.75,0
1614320093,100,3350,13440.50,0
1614320094,100,3352,14468.00,0
1614320095,100,3354,29385.50,0
1614320096,100,3355,9246.00,0
1614320097,100,3361,17720.80,0
1614320098,100,3365,12566.67,0
1614320099,100,3369,13105.75,0
1614320100,100,3373,12339.00,0
1614320101,100,3376,16261.33,0
1614320102,100,3381,48471.40,0
1614320103,100,3385,24590.00,0
1614320104,100,3388,43024.67,0
1614320105,100,3392,94624.00,0
1614320106,100,3393,7944.00,0
1614320107,100,3394,10775.00,0
1614320108,100,3396,10397.00,0
1614320109,100,3399,12203.67,0
1614320110,100,3403,12931.50,0
1614320111,100,3404,10317.00,0
1614320112,100,3409,32999.75,0
1614320113,100,3415,76101.33,0
1614320114,100,3417,11526.00,0
1614320115,100,3421,42752.00,0
1614320116,100,3423,11188.00,0
1614320117,100,3427,91710.25,0
1614320118,100,3430,21786.67,0
1614320119,100,3431,10881.00,0
1614320120,100,3436,33802.60,0
1614320121,100,3444,85037.62,0
1614320122,100,3446,15342.50,0
1614320123,100,3447,20928.00,0
1614320124,100,3449,11658.50,0
1614320125,100,3455,10417.83,0
1614320126,100,3458,19757.00,0
1614320127,100,3460,13727.00,0
1614320128,100,3463,30308.33,0
1614320129,100,3466,32381.00,0
1614320130,100,3467,10637.00,0
1614320131,100,3473,19021.20,0
1614320132,100,3478,36325.80,0
1614320133,100,3481,18890.67,0
1614320134,100,3482,9685.00,0
1614320135,100,3484,42313.00,0
1614320136,100,3487,9948.33,0
1614320137,100,3488,8906.00,0
1614320138,100,3491,31220.67,0
1614320139,100,3492,17917.00,0
1614320140,100,3494,78771.00,0
1614320141,100,3500,13482.83,0
1614320142,100,3502,9406.50,0
1614320143,100,3505,15613.33,0
1614320144,100,3508,10265.33,0
1614320145,100,3510,99652.50,0
1614320146,100,3512,32954.00,0
1614320147,100,3514,19097.50,0
1614320148,100,3521,40002.43,0
1614320149,100,3525,12206.00,0
1614320150,100,3529,55102.75,0
1614320151,100,3532,10154.00,0
1614320152,100,3532,0.00,0
1614320153,100,3533,9686.00,0
1614320154,100,3536,29578.67,0
1614320155,100,3540,24465.25,0
1614320156,100,3544,28331.50,0
1614320157,100,3548,14913.00,0
1614320158,100,3554,71550.33,0
1614320159,100,3555,10628.00,0
1614320160,100,3559,25793.00,0
1614320161,100,3561,14940.50,0
1614320162,100,3561,0.00,0
1614320163,100,3564,116364.33,0
1614320164,100,3566,40247.50,0
1614320165,100,3573,26835.71,0
1614320166,100,3574,156163.00,0
1614320167,100,3580,22531.33,0
1614320168,100,3588,25730.00,0
1614320169,100,3591,110198.33,0
1614320170,100,3594,20022.33,0
1614320171,100,3597,14497.67,0
1614320172,100,3598,40788.00,0
1614320173,100,3599,18738.00,0
1614320174,100,3600,10784.00,0
1614320175,100,3605,18370.25,0
1614320176,100,3612,35913.67,0
1614320177,100,3617,9350.50,0
1614320178,100,3620,14195.33,0
1614320179,100,3622,24812.50,0
1614320180,100,3624,10822.00,0
1614320181,100,3626,20161.00,0
1614320182,100,3627,41518.00,0
1614320183,100,3629,9125.50,0
1614320184,100,3630,75068.00,0
1614320185,100,3635,43393.80,0
1614320186,100,3638,24109.33,0
1614320187,100,3643,14027.20,0
1614320188,100,3650,28442.29,0
1614320189,100,3655,68249.20,0
1614320190,100,3657,19205.00,0
1614320191,100,3664,17247.14,0
1614320192,100,3668,13616.00,0
1614320193,100,3669,77854.00,0
1614320194,100,3673,18634.00,0
1614320195,100,3675,86889.50,0
1614320196,100,3678,34947.33,0
1614320197,100,3681,26133.50,0
1614320198,100,3683,14430.50,0
1614320199,100,3687,17022.50,0
1614320200,100,3689,13357.00,0
1614320201,100,3694,17121.20,0
1614320202,100,3695,10462.00,0
1614320203,100,3697,10333.00,0
1614320204,100,3700,23894.00,0
1614320205,100,3702,44589.00,0
1614320206,100,3705,16476.67,0
1614320207,100,3709,17271.00,0
1614320208,100,3716,32865.86,0
1614320209,100,3720,48683.00,0
1614320210,100,3723,116364.33,0
1614320211,100,3726,24536.00,0
1614320212,100,3729,13825.67,0
1614320213,100,3730,11454.00,0
1614320214,100,3733,15111.33,0
1614320215,100,3735,154431.00,0
1614320216,100,3738,31988.00,0
1614320217,100,3740,42648.50,0
1614320218,100,3742,10054.00,0
1614320219,100,3745,13256.33,0
1614320220,100,3748,13748.67,0
1614320221,100,3750,43510.00,0
1614320222,100,3752,12953.00,0
1614320223,100,3753,10209.00,0
1614320224,100,3754,20685.00,0
1614320225,100,3755,17221.00,0
1614320226,100,3756,41295.00,0
1614320227,100,3760,21484.50,0
1614320228,100,3763,19620.33,0
1614320229,100,3769,19097.00,0
1614320230,100,3773,57226.00,0
1614320231,100,3777,17779.25,0
1614320232,100,3778,9770.00,0
1614320233,100,3779,76611.00,0
1614320234,100,3783,21986.25,0
1614320235,100,3785,32262.50,0
1614320236,100,3787,40378.50,0
1614320237,100,3788,11013.00,0
1614320238,100,3794,17952.83,0
1614320239,100,3797,29006.33,0
1614320240,100,3800,20604.33,0
1614320241,100,3804,18067.25,0
1614320242,100,3808,28528.75,0
1614320243,100,3809,39592.00,0
1614320244,100,3810,9984.00,0
1614320245,100,3813,32628.67,0
1614320246,100,3816,12107.00,0
1614320247,100,3817,19747.00,0
1614320248,100,3818,9024.00,0
1614320249,100,3821,24281.00,0
1614320250,100,3825,34070.25,0
1614320251,100,3830,34413.80,0
1614320252,100,3833,20967.67,0
1614320253,100,3834,41034.00,0
1614320254,100,3834,0.00,0
1614320255,100,3836,15389.50,0
1614320256,100,3837,10919.00,0
1614320257,100,3838,19016.00,0
1614320258,100,3844,15215.33,0
1614320259,100,3846,32837.50,0
1614320260,100,3849,39412.67,0
1614320261,100,3852,9211.00,0
1614320262,100,3855,17906.67,0
1614320263,100,3855,0.00,0
1614320264,100,3856,21802.00,0
1614320265,100,3857,38567.00,0
1614320266,100,3859,14149.00,0
1614320267,100,3861,17894.50,0
1614320268,100,3864,41611.67,0
1614320269,100,3868,12585.75,0
1614320270,100,3869,20860.00,0
1614320271,100,3871,14822.00,0
1614320272,100,3876,71633.60,0
1614320273,100,3880,28559.25,0
1614320274,100,3881,73721.00,0
1614320275,100,3882,300573.00,0
1614320276,100,3884,19223.00,0
1614320277,100,3887,15545.00,0
1614320278,100,3891,17968.50,0
1614320279,100,3891,0.00,0
1614320280,100,3893,48396.00,0
1614320281,100,3895,31854.50,0
1614320282,100,3896,10588.00,0
1614320283,100,3900,95821.50,0
1614320284,100,3902,81375.00,0
1614320285,100,3903,42592.00,0
1614320286,100,3907,158744.25,0
1614320287,100,3913,12579.33,0
1614320288,100,3914,7840.00,0
1614320289,100,3917,12897.00,0
1614320290,100,3920,41189.00,0
1614320291,100,3923,16749.00,0
1614320292,100,3925,48185.50,0
1614320293,100,3927,14495.00,0
1614320294,100,3932,16469.20,0
1614320295,100,3935,83395.00,0
1614320296,100,3938,9429.00,0
1614320297,100,3940,9259.50,0
1614320298,100,3941,39910.00,0
1614320299,100,3942,42937.00,0
1614320300,100,3946,46344.50,0
1614320301,100,3947,9982.00,0
1614320302,100,3949,15850.00,0
1614320303,100,3955,34703.83,0
1614320304,100,3956,9728.00,0
1614320305,100,3957,38532.00,0
1614320306,100,3960,22892.33,0
1614320307,100,3966,93209.40,0
1614320308,100,3967,76496.00,0
1614320309,100,3970,14556.00,0
1614320310,100,3971,0.00,0
1614320311,100,3973,14893.00,0
1614320312,100,3974,12142.00,0
1614320313,100,3978,25680.50,0
1614320314,100,3980,15348.00,0
1614320315,100,3983,47546.00,0
1614320316,100,3987,64602.25,0
1614320317,100,3991,11999.75,0
1614320318,100,3994,15652.00,0
1614320319,100,3997,56776.00,0
1614320320,100,3999,45753.00,0
1614320321,100,4000,11431.00,0
1614320322,100,4002,9388.50,0
1614320323,100,4005,44879.00,0
1614320324,100,4007,92187.50,0
1614320325,100,4013,64869.33,0
1614320326,100,4018,19052.80,0
1614320327,100,4020,15546.00,0
1614320328,100,4022,9272.50,0
1614320329,100,4024,10809.00,0
1614320330,100,4027,8971.00,0
1614320331,100,4031,37250.00,0
1614320332,100,4034,38933.33,0
1614320333,100,4038,27375.50,0
1614320334,100,4039,75260.00,0
1614320335,100,4042,21022.33,0
1614320336,100,4045,30185.33,0
1614320337,100,4048,13077.67,0
1614320338,100,4051,13282.33,0
1614320339,100,4056,20654.60,0
1614320340,100,4058,12576.50,0
1614320341,100,4059,68097.00,0
1614320342,100,4060,10640.00,0
1614320343,100,4063,108171.33,0
1614320344,100,4065,9853.50,0
1614320345,100,4069,50951.75,0
1614320346,100,4072,112612.33,0
1614320347,100,4076,56605.75,0
1614320348,100,4077,9196.00,0
1614320349,100,4078,18449.00,0
1614320350,100,4081,31340.67,0
1614320351,100,4085,16743.00,0
1614320352,100,4085,0.00,0
1614320353,100,4086,21075.00,0
1614320354,100,4089,115556.67,0
1614320355,100,4096,36133.71,0
1614320356,100,4097,11328.00,0
1614320357,100,4100,13651.67,0
1614320358,100,4101,41299.00,0
1614320359,100,4103,19788.00,0
1614320360,100,4105,10670.00,0
1614320361,100,4107,15226.50,0
1614320362,100,4108,18396.00,0
1614320363,100,4111,18559.00,0
1614320364,100,4116,24911.60,0
1614320365,100,4117,12141.00,0
1614320366,100,4122,22513.80,0
1614320367,100,4128,49622.00,0
1614320368,100,4131,30898.67,0
1614320369,100,4132,38362.00,0
1614320370,100,4133,9574.00,0
1614320371,100,4136,17730.67,0
1614320372,100,4137,9241.00,0
1614320373,100,4140,69186.00,0
1614320374,100,4142,9664.50,0
1614320375,100,4146,12202.50,0
1614320376,100,4149,24982.67,0
1614320377,100,4152,20460.00,0
1614320378,100,4154,15680.50,0
1614320379,100,4156,59297.50,0
1614320380,100,4159,18891.33,0
1614320381,100,4160,42231.00,0
1614320382,100,4164,27090.75,0
1614320383,100,4167,13336.33,0
1614320384,100,4172,48241.40,0
1614320385,100,4177,66778.80,0
1614320386,100,4183,18206.00,0
1614320387,100,4186,109612.00,0
1614320388,100,4191,75557.00,0
1614320389,100,4195,11105.33,0
1614320390,100,4198,40815.00,0
1614320391,100,4199,292857.00,0
1614320392,100,4201,14822.50,0
1614320393,100,4205,52391.50,0
1614320394,100,4213,24728.00,0
1614320395,100,4216,12054.00,0
1614320396,100,4217,9235.00,0
1614320397,100,4219,15830.50,0
1614320398,100,4221,9044.50,0
1614320399,100,4223,13831.00,0
1614320400,100,4225,43772.50,0
1614320401,100,4227,153657.00,0
1614320402,100,4236,63894.22,0
1614320403,100,4239,32901.00,0
1614320404,100,4246,84341.00,0
1614320405,100,4248,11855.50,0
1614320406,100,4251,12971.33,0
1614320407,100,4253,19875.50,0
1614320408,100,4255,162324.00,0
1614320409,100,4258,16969.00,0
1614320410,100,4259,12340.00,0
1614320411,100,4263,11637.00,0
1614320412,100,4267,10394.50,0
1614320413,100,4271,29240.25,0
1614320414,100,4276,9769.25,0
1614320415,100,4277,78078.00,0
1614320416,100,4277,0.00,0
1614320417,100,4279,49294.50,0
1614320418,100,4281,173541.00,0
1614320419,100,4283,9909.50,0
1614320420,100,4294,49852.90,0
1614320421,100,4298,12253.00,0
1614320422,100,4301,12338.33,0
1614320423,100,4305,99001.50,0
1614320424,100,4309,48849.25,0
1614320425,100,4311,23030.00,0
1614320426,100,4314,22544.67,0
1614320427,100,4317,30932.67,0
1614320428,100,4318,39363.00,0
1614320429,100,4325,16354.71,0
1614320430,100,4329,14102.00,0
1614320431,100,4334,11132.25,0
1614320432,100,4338,34386.00,0
1614320433,100,4342,26304.25,0
1614320434,100,4346,32802.33,0
1614320435,100,4350,18311.75,0
1614320436,100,4352,39625.50,0
1614320437,100,4353,7345.00,0
1614320438,100,4355,13175.00,0
1614320439,100,4359,19432.25,0
1614320440,100,4363,80528.25,0
1614320441,100,4368,30551.20,0
1614320442,100,4370,14653.00,0
1614320443,100,4371,9265.00,0
1614320444,100,4371,0.00,0
1614320445,100,4378,25235.57,0
1614320446,100,4380,25587.00,0
1614320447,100,4382,14335.50,0
1614320448,100,4386,34054.00,0
1614320449,100,4388,20313.00,0
1614320450,100,4394,11085.60,0
1614320451,100,4398,20221.00,0
1614320452,100,4400,43785.50,0
1614320453,100,4403,14288.33,0
1614320454,100,4408,15823.40,0
1614320455,100,4409,10449.00,0
1614320456,100,4410,8907.00,0
1614320457,100,4414,12988.00,0
1614320458,100,4417,123449.00,0
1614320459,100,4421,14774.50,0
1614320460,100,4423,116260.50,0
1614320461,100,4427,26793.00,0
1614320462,100,4432,25474.80,0
1614320463,100,4433,8636.00,0
1614320464,100,4437,20899.50,0
1614320465,100,4437,0.00,0
1614320466,100,4439,11348.50,0
1614320467,100,4443,12306.00,0
1614320468,100,4446,59712.33,0
1614320469,100,4448,14204.00,0
1614320470,100,4450,16022.00,0
1614320471,100,4459,62987.44,0
1614320472,100,4462,13304.67,0
1614320473,100,4465,16125.33,0
1614320474,100,4466,149565.00,0
1614320475,100,4469,43432.50,0
1614320476,100,4469,0.00,0
1614320477,100,4474,28097.40,0
1614320478,100,4477,46050.50,0
1614320479,100,4481,9936.50,0
1614320480,100,4485,14398.00,0
1614320481,100,4490,35890.40,0
1614320482,100,4496,16929.33,0
1614320483,100,4497,37618.00,0
1614320484,100,4497,0.00,0
1614320485,100,4499,23982.00,0
1614320486,100,4503,24188.50,0
1614320487,100,4509,17736.83,0
1614320488,100,4512,107848.33,0
1614320489,100,4512,0.00,0
1614320490,100,4515,10671.33,0
1614320491,100,4518,27812.33,0
1614320492,100,4526,17111.00,0
1614320493,100,4528,42464.00,0
1614320494,100,4530,12356.00,0
1614320495,100,4532,14873.50,0
1614320496,100,4534,22652.00,0
1614320497,100,4541,65544.00,0
1614320498,100,4543,14958.00,0
1614320499,100,4549,24695.33,0
1614320500,100,4551,24361.50,0
1614320501,100,4553,152020.00,0
1614320502,100,4554,10449.00,0
1614320503,100,4558,59236.67,0
1614320504,100,4561,107561.33,0
1614320505,100,4561,0.00,0
1614320506,100,4567,11129.83,0
1614320507,100,4569,21690.50,0
1614320508,100,4575,26071.67,0
1614320509,100,4579,19998.75,0
1614320510,100,4582,109603.67,0
1614320511,100,4586,20184.25,0
1614320512,100,4588,27991.50,0
1614320513,100,4589,20770.00,0
1614320514,100,4597,33033.00,0
1614320515,100,4599,15569.50,0
1614320516,100,4602,22307.67,0
1614320517,100,4606,28899.50,0
1614320518,100,4607,11609.00,0
1614320519,100,4609,24720.00,0
1614320520,100,4612,16969.67,0
1614320521,100,4617,87378.00,0
1614320522,100,4620,48252.33,0
1614320523,100,4622,8924.50,0
1614320524,100,4626,19196.67,0
1614320525,100,4631,19715.60,0
1614320526,100,4632,297640.00,0
1614320527,100,4636,14185.00,0
1614320528,100,4638,14760.50,0
1614320529,100,4640,20045.50,0
1614320530,100,4640,0.00,0
1614320531,100,4645,36022.20,0
1614320532,100,4649,10583.00,0
1614320533,100,4652,109808.00,0
1614320534,100,4653,23366.00,0
1614320535,100,4657,18668.75,0
1614320536,100,4659,20765.50,0
1614320537,100,4662,22972.67,0
1614320538,100,4665,24786.33,0
1614320539,100,4667,16132.50,0
1614320540,100,4668,12750.00,0
1614320541,100,4671,9432.00,0
1614320542,100,4676,15528.80,0
1614320543,100,4678,24784.50,0
1614320544,100,4679,37839.00,0
1614320545,100,4682,13061.00,0
1614320546,100,4685,16403.00,0
1614320547,100,4688,12329.67,0
1614320548,100,4692,26982.50,0
1614320549,100,4696,26982.25,0
1614320550,100,4699,35469.67,0
1614320551,100,4706,16800.14,0
1614320552,100,4710,84930.50,0
1614320553,100,4711,43388.00,0
1614320554,100,4713,43453.00,0
1614320555,100,4716,23830.67,0
1614320556,100,4720,30167.50,0
1614320557,100,4721,16290.00,0
1614320558,100,4725,44650.75,0
1614320559,100,4729,10125.75,0
1614320560,100,4732,21029.33,0
1614320561,100,4739,56617.57,0
1614320562,100,4741,10781.50,0
1614320563,100,4746,52513.00,0
1614320564,100,4747,19418.00,0
1614320565,100,4750,22743.00,0
1614320566,100,4753,105631.33,0
1614320567,100,4759,16200.67,0
1614320568,100,4762,12172.67,0
1614320569,100,4765,106808.00,0
1614320570,100,4767,9374.00,0
1614320571,100,4771,12101.75,0
1614320572,100,4772,9699.00,0
1614320573,100,4774,14004.50,0
1614320574,100,4775,12192.00,0
1614320575,100,4780,74181.60,0
1614320576,100,4784,12585.00,0
1614320577,100,4788,28455.25,0
1614320578,100,4790,13686.50,0
1614320579,100,4793,18716.67,0
1614320580,100,4794,11274.00,0
1614320581,100,4797,13378.67,0
1614320582,100,4799,20942.00,0
1614320583,100,4802,13217.67,0
1614320584,100,4805,131748.00,0
1614320585,100,4810,22217.40,0
1614320586,100,4814,13367.75,0
1614320587,100,4818,22963.00,0
1614320588,100,4820,13282.00,0
1614320589,100,4821,9808.00,0
1614320590,100,4823,23676.00,0
1614320591,100,4825,20223.00,0
1614320592,100,4828,20826.67,0
1614320593,100,4831,9382.00,0
1614320594,100,4833,84899.00,0
1614320595,100,4840,20338.29,0
1614320596,100,4843,16474.33,0
1614320597,100,4845,27382.00,0
1614320598,100,4848,10270.00,0
1614320599,100,4850,15854.00,0
1614320600,100,4854,52750.00,0
1614320601,100,4857,31986.67,0
1614320602,100,4858,20500.00,0
1614320603,100,4861,8983.67,0
1614320604,100,4865,17299.25,0
1614320605,100,4868,18955.67,0
1614320606,100,4871,34267.00,0
1614320607,100,4874,26011.33,0
1614320608,100,4875,11082.00,0
1614320609,100,4876,11196.00,0
1614320610,100,4881,18494.20,0
1614320611,100,4883,25804.50,0
1614320612,100,4886,17302.33,0
1614320613,100,4887,10337.00,0
1614320614,100,4891,21908.75,0
1614320615,100,4895,19736.75,0
1614320616,100,4896,10510.00,0
1614320617,100,4898,14572.00,0
1614320618,100,4898,0.00,0
1614320619,100,4901,41513.67,0
1614320620,100,4908,40665.71,0
1614320621,100,4912,17460.50,0
1614320622,100,4914,15363.00,0
1614320623,100,4915,9107.00,0
1614320624,100,4918,13833.00,0
1614320625,100,4919,11563.00,0
1614320626,100,4920,293683.00,0
1614320627,100,4923,107411.00,0
1614320628,100,4925,16022.50,0
1614320629,100,4928,9256.00,0
1614320630,100,4928,0.00,0
1614320631,100,4933,35816.00,0
1614320632,100,4939,18419.80,0
1614320633,100,4940,10188.00,0
1614320634,100,4941,20618.00,0
1614320635,100,4942,18153.00,0
1614320636,100,4945,15738.67,0
1614320637,100,4946,78287.00,0
1614320638,100,4948,15833.50,0
1614320639,100,4952,17159.75,0
1614320640,100,4953,10936.00,0
1614320641,100,4960,30567.57,0
1614320642,100,4963,26429.50,0
1614320643,100,4964,10444.00,0
1614320644,100,4968,33233.00,0
1614320645,100,4972,26001.75,0
1614320646,100,4973,10229.00,0
1614320647,100,4975,55030.00,0
1614320648,100,4976,10844.00,0
1614320649,100,4977,17576.00,0
1614320650,100,4977,0.00,0
1614320651,100,4982,23499.40,0
1614320652,100,4986,29236.00,0
1614320653,100,4988,11625.50,0
1614320654,100,4990,10646.50,0
1614320655,100,4992,15191.00,0
1614320656,100,4997,78560.60,0
1614320657,100,5000,14892.00,0
1614320658,100,5004,54391.50,0
1614320659,100,5004,0.00,0
1614320660,100,5007,14422.33,0
1614320661,100,5008,19748.00,0
1614320662,100,5010,9950.00,0
1614320663,100,5013,13311.33,0
1614320664,100,5020,17723.40,0
1614320665,100,5024,11870.75,0
1614320666,100,5025,295498.00,0
1614320667,100,5028,20381.00,0
1614320668,100,5029,42297.00,0
1614320669,100,5031,86576.50,0
1614320670,100,5036,19193.00,0
1614320671,100,5039,36226.33,0
1614320672,100,5041,43254.00,0
1614320673,100,5042,74046.00,0
1614320674,100,5048,15384.00,0
1614320675,100,5052,27238.75,0
1614320676,100,5056,30006.50,0
1614320677,100,5058,41208.50,0
1614320678,100,5060,25784.00,0
1614320679,100,5063,19317.33,0
1614320680,100,5065,25530.50,0
1614320681,100,5067,11041.00,0
1614320682,100,5071,12790.75,0
1614320683,100,5073,14292.00,0
1614320684,100,5074,9661.00,0
1614320685,100,5076,15932.50,0
1614320686,100,5079,17331.00,0
1614320687,100,5084,43698.50,0
1614320688,100,5089,11037.80,0
1614320689,100,5090,20198.00,0
1614320690,100,5093,20287.00,0
1614320691,100,5096,23712.33,0
1614320692,100,5097,156947.00,0
1614320693,100,5099,14885.00,0
1614320694,100,5101,10280.50,0
1614320695,100,5101,0.00,0
1614320696,100,5103,25582.50,0
1614320697,100,5108,18238.40,0
1614320698,100,5111,13388.33,0
1614320699,100,5113,25300.50,0
1614320700,100,5120,14137.71,0
1614320701,100,5120,0.00,0
1614320702,100,5122,25514.00,0
1614320703,100,5124,10821.50,0
1614320704,100,5126,153663.50,0
1614320705,100,5127,292915.00,0
1614320706,100,5129,19420.00,0
1614320707,100,5131,15168.50,0
1614320708,100,5140,58876.33,0
1614320709,100,5142,12618.50,0
1614320710,100,5144,81498.50,0
1614320711,100,5148,10876.75,0
1614320712,100,5148,0.00,0
1614320713,100,5150,15818.50,0
1614320714,100,5155,24194.20,0
1614320715,100,5157,148314.50,0
1614320716,100,5157,0.00,0
1614320717,100,5166,34636.22,0
1614320718,100,5169,19722.67,0
1614320719,100,5171,8908.00,0
1614320720,100,5175,80586.25,0
1614320721,100,5178,31838.00,0
1614320722,100,5179,20186.00,0
1614320723,100,5184,27719.40,0
1614320724,100,5189,26361.60,0
1614320725,100,5192,29995.33,0
1614320726,100,5193,8577.00,0
1614320727,100,5197,11840.00,0
1614320728,100,5202,74958.40,0
1614320729,100,5204,11420.00,0
1614320730,100,5210,40682.17,0
1614320731,100,5212,39959.00,0
1614320732,100,5217,83291.40,0
1614320733,100,5220,108272.67,0
1614320734,100,5224,104289.33,0
1614320735,100,5228,13533.75,0
1614320736,100,5233,20536.00,0
1614320737,100,5236,17580.33,0
1614320738,100,5241,53887.00,0
1614320739,100,5244,23620.00,0
1614320740,100,5251,34370.29,0
1614320741,100,5255,27746.50,0
1614320742,100,5257,24979.50,0
1614320743,100,5264,55238.86,0
1614320744,100,5265,10013.00,0
1614320745,100,5267,18869.00,0
1614320746,100,5275,57915.38,0
1614320747,100,5281,22648.00,0
1614320748,100,5286,71085.80,0
1614320749,100,5290,17283.75,0
1614320750,100,5294,47740.50,0
1614320751,100,5298,12617.50,0
1614320752,100,5300,47271.00,0
1614320753,100,5302,15531.50,0
1614320754,100,5307,33681.60,0
1614320755,100,5313,12798.17,0
1614320756,100,5319,21313.50,0
1614320757,100,5320,19036.00,0
1614320758,100,5322,18906.00,0
1614320759,100,5329,13002.14,0
1614320760,100,5333,11938.00,0
1614320761,100,5336,19144.33,0
1614320762,100,5339,23415.67,0
1614320763,100,5341,15000.50,0
1614320764,100,5343,84285.50,0
1614320765,100,5347,84430.75,0
1614320766,100,5348,18782.00,0
1614320767,100,5350,15779.50,0
1614320768,100,5354,15318.50,0
1614320769,100,5354,0.00,0
1614320770,100,5358,13686.75,0
1614320771,100,5361,11461.33,0
1614320772,100,5364,13564.00,0
1614320773,100,5367,14820.00,0
1614320774,100,5369,19706.50,0
1614320775,100,5378,28285.44,0
1614320776,100,5381,36611.33,0
1614320777,100,5383,154928.00,0
1614320778,100,5386,23778.67,0
1614320779,100,5388,164422.00,0
1614320780,100,5392,16769.75,0
1614320781,100,5393,7710.00,0
1614320782,100,5398,20649.80,0
1614320783,100,5400,29233.00,0
1614320784,100,5403,79166.00,0
1614320785,100,5405,26834.50,0
1614320786,100,5409,10753.50,0
1614320787,100,5411,152442.50,0
1614320788,100,5417,29191.17,0
1614320789,100,5418,9872.00,0
1614320790,100,5424,17227.00,0
1614320791,100,5426,20476.00,0
1614320792,100,5430,85317.75,0
1614320793,100,5431,20361.00,0
1614320794,100,5432,19262.00,0
1614320795,100,5439,14664.29,0
1614320796,100,5441,40104.50,0
1614320797,100,5442,19895.00,0
1614320798,100,5445,20107.00,0
1614320799,100,5448,14442.50,0
1614320800,100,5453,77340.60,0
1614320801,100,5457,13044.25,0
1614320802,100,5459,17485.50,0
1614320803,100,5461,14957.50,0
1614320804,100,5463,17017.00,0
1614320805,100,5469,25682.00,0
1614320806,100,5472,206032.67,0
1614320807,100,5475,15811.67,0
1614320808,100,5475,0.00,0
1614320809,100,5478,46864.67,0
1614320810,100,5483,19969.20,0
1614320811,100,5486,15247.67,0
1614320812,100,5490,82812.50,0
1614320813,100,5494,98916.50,0
1614320814,100,5497,123325.33,0
1614320815,100,5499,155792.50,0
1614320816,100,5504,80740.80,0
1614320817,100,5507,11036.00,0
1614320818,100,5508,8921.00,0
1614320819,100,5511,20309.33,0
1614320820,100,5515,12836.00,0
1614320821,100,5521,13903.33,0
1614320822,100,5523,9098.00,0
1614320823,100,5526,114197.67,0
1614320824,100,5532,15542.50,0
1614320825,100,5537,15019.00,0
1614320826,100,5537,0.00,0
1614320827,100,5538,22639.00,0
1614320828,100,5540,75747.00,0
1614320829,100,5542,13928.00,0
1614320830,100,5544,8896.00,0
1614320831,100,5546,14602.00,0
1614320832,100,5547,10441.00,0
1614320833,100,5552,12291.00,0
1614320834,100,5556,26473.50,0
1614320835,100,5558,9919.00,0
1614320836,100,5562,30507.75,0
1614320837,100,5564,26328.50,0
1614320838,100,5570,17909.00,0
1614320839,100,5572,29091.00,0
1614320840,100,5575,41833.00,0
1614320841,100,5577,13996.00,0
1614320842,100,5579,13866.50,0
1614320843,100,5583,12006.50,0
1614320844,100,5586,19964.00,0
1614320845,100,5588,24641.00,0
1614320846,100,5591,22957.33,0
1614320847,100,5593,47221.00,0
1614320848,100,5594,11125.00,0
1614320849,100,5596,10864.00,0
1614320850,100,5596,0.00,0
1614320851,100,5598,44626.50,0
1614320852,100,5603,17791.00,0
1614320853,100,5605,9876.50,0
1614320854,100,5609,44242.00,0
1614320855,100,5610,18840.00,0
1614320856,100,5613,13796.67,0
1614320857,100,5614,11177.00,0
1614320858,100,5618,33241.67,0
1614320859,100,5622,16351.50,0
1614320860,100,5623,10949.00,0
1614320861,100,5625,25277.50,0
1614320862,100,5626,10237.00,0
1614320863,100,5631,95118.60,0
1614320864,100,5637,10736.83,0
1614320865,100,5637,0.00,0
1614320866,100,5638,18958.00,0
1614320867,100,5642,10130.75,0
1614320868,100,5647,25106.80,0
1614320869,100,5649,81343.50,0
1614320870,100,5651,55076.00,0
1614320871,100,5654,23664.50,0
1614320872,100,5658,12003.75,0
1614320873,100,5662,33686.67,0
1614320874,100,5665,13462.67,0
1614320875,100,5668,20844.67,0
1614320876,100,5670,28432.00,0
1614320877,100,5677,36240.43,0
1614320878,100,5680,32939.00,0
1614320879,100,5683,31090.67,0
1614320880,100,5684,11559.00,0
1614320881,100,5684,0.00,0
1614320882,100,5689,10315.60,0
1614320883,100,5691,14530.50,0
1614320884,100,5696,31626.60,0
1614320885,100,5698,23921.50,0
1614320886,100,5699,18024.00,0
1614320887,100,5702,13069.33,0
1614320888,100,5705,13262.00,0
1614320889,100,5706,10160.00,0
1614320890,100,5710,15006.50,0
1614320891,100,5712,88396.00,0
1614320892,100,5715,127570.33,0
1614320893,100,5720,30570.60,0
1614320894,100,5723,58934.33,0
1614320895,100,5727,28485.25,0
1614320896,100,5731,33083.75,0
1614320897,100,5733,13360.00,0
1614320898,100,5733,0.00,0
1614320899,100,5735,161368.00,0
1614320900,100,5736,17949.00,0
1614320901,100,5738,17989.50,0
1614320902,100,5739,19581.00,0
1614320903,100,5743,57030.75,0
1614320904,100,5746,32608.00,0
1614320905,100,5747,11122.00,0
1614320906,100,5750,10539.00,0
1614320907,100,5755,41169.80,0
1614320908,100,5756,69648.00,0
1614320909,100,5757,19140.00,0
1614320910,100,5765,55283.50,0
1614320911,100,5768,115216.67,0
1614320912,100,5772,18398.25,0
1614320913,100,5777,31719.00,0
1614320914,100,5778,12817.00,0
1614320915,100,5780,9057.50,0
1614320916,100,5781,40298.00,0
1614320917,100,5784,32625.00,0
1614320918,100,5784,0.00,0
1614320919,100,5789,25245.60,0
1614320920,100,5792,42776.67,0
1614320921,100,5795,11113.67,0
1614320922,100,5801,11116.50,0
1614320923,100,5804,61338.00,0
1614320924,100,5807,10179.67,0
1614320925,100,5808,40152.00,0
1614320926,100,5810,23716.50,0
1614320927,100,5811,39504.00,0
1614320928,100,5812,9875.00,0
1614320929,100,5819,16547.29,0
1614320930,100,5827,19269.75,0
1614320931,100,5830,12536.67,0
1614320932,100,5833,29839.33,0
1614320933,100,5838,10380.80,0
1614320934,100,5841,27251.33,0
1614320935,100,5842,38432.00,0
1614320936,100,5844,149800.50,0
1614320937,100,5847,152754.33,0
1614320938,100,5850,23861.67,0
1614320939,100,5855,16621.20,0
1614320940,100,5858,10090.00,0
1614320941,100,5860,15350.00,0
1614320942,100,5865,18590.40,0
1614320943,100,5868,21599.00,0
1614320944,100,5871,52457.00,0
1614320945,100,5874,14024.33,0
1614320946,100,5874,0.00,0
1614320947,100,5879,33829.20,0
1614320948,100,5882,19393.00,0
1614320949,100,5885,24113.33,0
1614320950,100,5886,20754.00,0
1614320951,100,5891,46770.00,0
1614320952,100,5896,10488.40,0
1614320953,100,5898,25100.50,0
1614320954,100,5900,25503.50,0
1614320955,100,5902,18730.00,0
1614320956,100,5904,44513.50,0
1614320957,100,5909,69724.60,0
1614320958,100,5909,0.00,0
