Seconds,Workers,Queries,Latency,Errors
1614311039,4,3,817.00,0
1614311040,4,4,740.00,0
1614311041,4,7,1854.67,0
1614311042,4,10,1446.00,0
1614311043,4,17,780.43,0
1614311044,4,21,834.75,0
1614311045,4,26,911.20,0
1614311046,4,29,693.00,0
1614311047,4,34,1049.20,0
1614311048,4,39,844.60,0
1614311049,4,41,649.50,0
1614311050,4,45,950.00,0
1614311051,4,46,802.00,0
1614311052,4,53,1332.14,0
1614311053,4,54,886.00,0
1614311054,4,56,1056.00,0
1614311055,4,57,905.00,0
1614311056,4,58,1001.00,0
1614311057,4,58,0.00,0
1614311058,4,58,0.00,0
1614311059,4,58,0.00,0
1614311060,4,58,0.00,0
1614311061,4,58,0.00,0
1614311062,4,58,0.00,0
1614311063,4,58,0.00,0
1614311064,4,58,0.00,0
1614311065,4,60,13018.00,0
1614311066,4,60,0.00,0
1614311067,4,65,3577.20,0
1614311068,4,68,738.00,0
1614311069,4,72,3675.50,0
1614311070,4,76,997.75,0
1614311071,4,79,818.33,0
1614311072,4,80,1890.00,0
1614311073,4,80,0.00,0
1614311074,4,81,3399.00,0
1614311075,4,82,3378.00,0
1614311076,4,87,1494.40,0
1614311077,4,90,622.33,0
1614311078,4,90,0.00,0
1614311079,4,92,5868.50,0
1614311080,4,95,1885.00,0
1614311081,4,96,541.00,0
1614311082,4,99,862.50,0
1614311083,4,100,1196.00,0
1614311084,4,101,737.00,0
1614311085,4,101,0.00,0
1614311086,4,101,0.00,0
1614311087,4,102,6330.00,0
1614311088,4,104,8848.50,0
1614311089,4,107,911.00,0
1614311090,4,111,1370.50,0
1614311091,4,112,1023.00,0
1614311092,4,115,1198.33,0
1614311093,4,116,750.00,0
1614311094,4,117,790.00,0
1614311095,4,117,0.00,0
1614311096,4,120,6038.33,0
1614311097,4,123,2749.00,0
1614311098,4,124,711.00,0
1614311099,4,127,1476.00,0
1614311100,4,130,1517.33,0
1614311101,4,133,1032.33,0
1614311102,4,136,676.67,0
1614311103,4,137,1169.00,0
1614311104,4,138,686.00,0
1614311105,4,138,0.00,0
1614311106,4,138,0.00,0
1614311107,4,138,0.00,0
1614311108,4,142,5467.50,0
1614311109,4,144,860.00,0
1614311110,4,147,819.33,0
1614311111,4,150,701.33,0
1614311112,4,150,0.00,0
1614311113,4,154,3697.50,0
1614311114,4,159,587.75,0
1614311115,4,162,998.33,0
1614311116,4,166,720.00,0
1614311117,4,169,705.67,0
1614311118,4,173,2904.75,0
1614311119,4,176,932.67,0
1614311120,4,181,731.80,0
1614311121,4,185,1984.00,0
1614311122,4,188,815.67,0
1614311123,4,191,929.33,0
1614311124,4,197,732.00,0
1614311125,4,200,983.00,0
1614311126,4,201,759.00,0
1614311127,4,202,1113.00,0
1614311128,4,204,1483.50,0
1614311129,4,205,2300.00,0
1614311130,4,206,1180.00,0
1614311131,4,207,1122.00,0
1614311132,4,210,7062.67,0
1614311133,4,213,926.33,0
1614311134,4,218,1115.40,0
1614311135,4,223,922.20,0
1614311136,4,229,793.83,0
1614311137,4,232,724.67,0
1614311138,4,236,836.00,0
1614311139,4,238,829.50,0
1614311140,4,239,1150.00,0
1614311141,4,241,1911.50,0
1614311142,4,242,3149.00,0
1614311143,4,242,0.00,0
1614311144,4,244,2816.00,0
1614311145,4,246,951.50,0
1614311146,4,248,846.50,0
1614311147,4,249,648.00,0
1614311148,4,253,3646.50,0
1614311149,4,254,1107.00,0
1614311150,4,254,0.00,0
1614311151,4,255,1991.00,0
1614311152,4,258,6077.50,0
1614311153,4,259,625.00,0
1614311154,4,259,0.00,0
1614311155,4,260,1945.00,0
1614311156,4,262,1997.00,0
1614311157,4,262,0.00,0
1614311158,4,263,3532.00,0
1614311159,4,264,1207.00,0
1614311160,4,268,6254.50,0
1614311161,4,271,1228.00,0
1614311162,4,273,916.00,0
1614311163,4,275,1415.00,0
1614311164,4,278,1372.67,0
1614311165,4,282,806.00,0
1614311166,4,286,2095.50,0
1614311167,4,287,668.00,0
1614311168,4,289,2027.50,0
1614311169,4,291,1510.00,0
1614311170,4,293,1855.00,0
1614311171,4,294,1756.00,0
1614311172,4,296,622.00,0
1614311173,4,298,2058.00,0
1614311174,4,299,682.00,0
1614311175,4,301,1241.00,0
1614311176,4,304,4376.00,0
1614311177,4,308,945.75,0
1614311178,4,310,585.00,0
1614311179,4,311,729.00,0
1614311180,4,315,1611.75,0
1614311181,4,319,3288.25,0
1614311182,4,323,763.00,0
1614311183,4,326,1031.00,0
1614311184,4,330,889.00,0
1614311185,4,333,1130.00,0
1614311186,4,336,765.50,0
1614311187,4,339,2287.00,0
1614311188,4,343,1411.00,0
1614311189,4,346,695.67,0
1614311190,4,349,1701.50,0
1614311191,4,354,1062.80,0
1614311192,4,357,1431.33,0
1614311193,4,359,842.50,0
1614311194,4,363,1787.75,0
1614311195,4,367,987.00,0
1614311196,4,370,903.00,0
1614311197,4,375,570.80,0
1614311198,4,378,581.00,0
1614311199,4,379,630.00,0
1614311200,4,381,1766.00,0
1614311201,4,381,0.00,0
1614311202,4,381,0.00,0
1614311203,4,383,3362.00,0
1614311204,4,383,0.00,0
1614311205,4,386,4947.33,0
1614311206,4,388,639.50,0
1614311207,4,390,1378.50,0
1614311208,4,395,3241.80,0
1614311209,4,401,714.67,0
1614311210,4,403,800.50,0
1614311211,4,408,1273.80,0
1614311212,4,411,1077.67,0
1614311213,4,413,950.50,0
1614311214,4,417,857.50,0
1614311215,4,422,728.60,0
1614311216,4,423,748.00,0
1614311217,4,425,706.00,0
1614311218,4,427,1822.50,0
1614311219,4,429,623.50,0
1614311220,4,432,765.00,0
1614311221,4,434,808.00,0
1614311222,4,436,786.00,0
1614311223,4,438,1211.50,0
1614311224,4,441,1558.00,0
1614311225,4,443,973.00,0
1614311226,4,446,5264.00,0
1614311227,4,449,658.00,0
1614311228,4,454,689.20,0
1614311229,4,455,1626.00,0
1614311230,4,457,1245.50,0
1614311231,4,459,3754.00,0
1614311232,4,461,1092.00,0
1614311233,4,462,1029.00,0
1614311234,4,464,669.50,0
1614311235,4,465,624.00,0
1614311236,4,466,0.00,0
1614311237,4,467,1005.00,0
1614311238,4,467,0.00,0
1614311239,4,467,0.00,0
1614311240,4,469,7754.00,0
1614311241,4,472,739.67,0
1614311242,4,474,1061.00,0
1614311243,4,477,8002.33,0
1614311244,4,481,811.67,0
1614311245,4,485,1323.50,0
1614311246,4,489,863.00,0
1614311247,4,492,1214.33,0
1614311248,4,495,878.00,0
1614311249,4,496,994.00,0
1614311250,4,499,1838.00,0
1614311251,4,502,2572.33,0
1614311252,4,505,1013.00,0
1614311253,4,509,1027.25,0
1614311254,4,514,1005.20,0
1614311255,4,518,933.75,0
1614311256,4,519,811.00,0
1614311257,4,521,1181.50,0
1614311258,4,522,716.00,0
1614311259,4,523,990.00,0
1614311260,4,525,3509.00,0
1614311261,4,529,755.75,0
1614311262,4,531,1141.50,0
1614311263,4,532,655.00,0
1614311264,4,532,0.00,0
1614311265,4,533,1918.00,0
1614311266,4,536,1571.67,0
1614311267,4,539,4555.67,0
1614311268,4,544,3339.25,0
1614311269,4,549,859.40,0
1614311270,4,554,694.20,0
1614311271,4,558,878.75,0
1614311272,4,562,1085.25,0
1614311273,4,568,844.50,0
1614311274,4,573,697.20,0
1614311275,4,577,982.00,0
1614311276,4,581,788.50,0
1614311277,4,583,1424.00,0
1614311278,4,590,966.00,0
1614311279,4,592,862.50,0
1614311280,4,597,882.60,0
1614311281,4,598,740.00,0
1614311282,4,601,1649.67,0
1614311283,4,607,1411.83,0
1614311284,4,612,551.20,0
1614311285,4,617,563.00,0
1614311286,4,621,1127.75,0
1614311287,4,625,1148.00,0
1614311288,4,627,829.00,0
1614311289,4,631,979.75,0
1614311290,4,637,1104.33,0
1614311291,4,643,607.00,0
1614311292,4,648,671.00,0
1614311293,4,650,768.50,0
1614311294,4,654,974.75,0
1614311295,4,656,989.00,0
1614311296,4,657,1128.00,0
1614311297,4,660,1842.67,0
1614311298,4,662,667.50,0
1614311299,4,664,1416.50,0
1614311300,4,666,957.00,0
1614311301,4,670,3126.25,0
1614311302,4,671,873.00,0
1614311303,4,672,2062.00,0
1614311304,4,674,1261.50,0
1614311305,4,676,1227.50,0
1614311306,4,678,635.00,0
1614311307,4,681,995.33,0
1614311308,4,682,10582.00,0
1614311309,4,686,815.67,0
1614311310,4,690,1281.50,0
1614311311,4,692,815.00,0
1614311312,4,695,4466.67,0
1614311313,4,700,1018.60,0
1614311314,4,704,788.25,0
1614311315,4,706,679.50,0
1614311316,4,708,2083.00,0
1614311317,4,712,1333.75,0
1614311318,4,716,724.67,0
1614311319,4,720,807.25,0
1614311320,4,725,1793.00,0
1614311321,4,729,751.00,0
1614311322,4,733,942.25,0
1614311323,4,737,888.25,0
1614311324,4,742,758.80,0
1614311325,4,747,1227.40,0
1614311326,4,750,643.33,0
1614311327,4,755,728.60,0
1614311328,4,758,859.00,0
1614311329,4,761,743.67,0
1614311330,4,764,756.00,0
1614311331,4,765,632.00,0
1614311332,4,767,1281.50,0
1614311333,4,771,789.25,0
1614311334,4,774,2443.67,0
1614311335,4,778,3109.00,0
1614311336,4,779,718.00,0
1614311337,4,779,0.00,0
1614311338,4,782,1868.00,0
1614311339,4,782,0.00,0
1614311340,4,784,1310.00,0
1614311341,4,785,5927.00,0
1614311342,4,787,1423.50,0
1614311343,4,787,0.00,0
1614311344,4,788,2024.00,0
1614311345,4,792,2760.75,0
1614311346,4,792,0.00,0
1614311347,4,795,4788.67,0
1614311348,4,799,1536.75,0
1614311349,4,803,742.50,0
1614311350,4,805,853.00,0
1614311351,4,806,1017.00,0
1614311352,4,808,1503.50,0
1614311353,4,811,2570.00,0
1614311354,4,813,700.00,0
1614311355,4,815,3235.50,0
1614311356,4,817,2407.50,0
1614311357,4,819,1067.50,0
1614311358,4,821,1961.50,0
1614311359,4,824,660.33,0
1614311360,4,828,1351.50,0
1614311361,4,831,789.67,0
1614311362,4,832,1014.00,0
1614311363,4,835,1807.67,0
1614311364,4,839,3349.50,0
1614311365,4,844,801.80,0
1614311366,4,845,1815.00,0
1614311367,4,848,1485.00,0
1614311368,4,853,1099.20,0
1614311369,4,856,784.67,0
1614311370,4,859,748.00,0
1614311371,4,860,666.00,0
1614311372,4,860,0.00,0
1614311373,4,860,0.00,0
1614311374,4,861,3387.00,0
1614311375,4,862,752.00,0
1614311376,4,863,791.00,0
1614311377,4,863,0.00,0
1614311378,4,864,2003.00,0
1614311379,4,865,652.00,0
1614311380,4,867,6247.00,0
1614311381,4,871,6366.00,0
1614311382,4,874,1553.67,0
1614311383,4,875,1241.00,0
1614311384,4,881,1109.33,0
1614311385,4,884,1590.00,0
1614311386,4,889,864.20,0
1614311387,4,893,1044.00,0
1614311388,4,899,755.50,0
1614311389,4,903,647.00,0
1614311390,4,905,794.50,0
1614311391,4,912,1037.29,0
1614311392,4,915,799.00,0
1614311393,4,919,1340.25,0
1614311394,4,922,958.33,0
1614311395,4,929,740.33,0
1614311396,4,933,841.25,0
1614311397,4,933,0.00,0
1614311398,4,934,1912.00,0
1614311399,4,936,2070.00,0
1614311400,4,939,828.67,0
1614311401,4,940,638.00,0
1614311402,4,941,1855.00,0
1614311403,4,941,0.00,0
1614311404,4,943,2628.00,0
1614311405,4,945,637.50,0
1614311406,4,947,1095.00,0
1614311407,4,951,6031.25,0
1614311408,4,952,754.00,0
1614311409,4,955,1632.67,0
1614311410,4,958,1086.00,0
1614311411,4,960,1016.50,0
1614311412,4,962,1089.00,0
1614311413,4,964,1919.50,0
1614311414,4,967,1378.67,0
1614311415,4,969,1046.00,0
1614311416,4,971,1082.00,0
1614311417,4,973,784.00,0
1614311418,4,977,3289.50,0
1614311419,4,980,803.33,0
1614311420,4,983,748.33,0
1614311421,4,987,1197.75,0
1614311422,4,987,0.00,0
1614311423,4,990,1370.67,0
1614311424,4,992,1358.00,0
1614311425,4,995,4097.00,0
1614311426,4,997,1242.50,0
1614311427,4,1001,2014.75,0
1614311428,4,1002,778.00,0
1614311429,4,1003,997.00,0
1614311430,4,1005,2070.50,0
1614311431,4,1008,2453.67,0
1614311432,4,1012,692.75,0
1614311433,4,1015,1136.67,0
1614311434,4,1017,1108.00,0
1614311435,4,1018,1244.00,0
1614311436,4,1018,0.00,0
1614311437,4,1020,6333.00,0
1614311438,4,1023,838.00,0
1614311439,4,1026,1018.67,0
1614311440,4,1031,777.80,0
1614311441,4,1033,749.00,0
1614311442,4,1035,854.50,0
1614311443,4,1036,2802.00,0
1614311444,4,1041,3307.80,0
1614311445,4,1043,649.50,0
1614311446,4,1047,1092.00,0
1614311447,4,1054,918.33,0
1614311448,4,1058,614.25,0
1614311449,4,1063,999.50,0
1614311450,4,1067,786.00,0
1614311451,4,1072,889.00,0
1614311452,4,1077,723.20,0
1614311453,4,1082,727.25,0
1614311454,4,1086,657.50,0
1614311455,4,1087,648.00,0
1614311456,4,1088,1031.00,0
1614311457,4,1092,1922.50,0
1614311458,4,1095,2344.33,0
1614311459,4,1102,988.71,0
1614311460,4,1106,709.25,0
1614311461,4,1110,866.75,0
1614311462,4,1111,0.00,0
1614311463,4,1114,1220.00,0
1614311464,4,1117,1869.50,0
1614311465,4,1119,849.50,0
1614311466,4,1125,1788.17,0
1614311467,4,1130,673.80,0
1614311468,4,1133,596.67,0
1614311469,4,1136,1613.33,0
1614311470,4,1140,1077.67,0
1614311471,4,1143,852.67,0
1614311472,4,1143,0.00,0
1614311473,4,1145,2134.50,0
1614311474,4,1148,1873.33,0
1614311475,4,1153,1909.80,0
1614311476,4,1157,901.50,0
1614311477,4,1159,850.00,0
1614311478,4,1163,1546.25,0
1614311479,4,1164,875.00,0
1614311480,4,1168,1614.00,0
1614311481,4,1172,1198.75,0
1614311482,4,1179,606.67,0
1614311483,4,1180,591.00,0
1614311484,4,1183,1171.00,0
1614311485,4,1189,1319.33,0
1614311486,4,1190,680.00,0
1614311487,4,1194,978.67,0
1614311488,4,1197,1474.00,0
1614311489,4,1202,755.40,0
1614311490,4,1204,706.50,0
1614311491,4,1207,654.00,0
1614311492,4,1208,2563.00,0
1614311493,4,1209,1841.00,0
1614311494,4,1212,1941.00,0
1614311495,4,1215,1394.33,0
1614311496,4,1218,4388.00,0
1614311497,4,1223,880.80,0
1614311498,4,1227,800.50,0
1614311499,4,1228,863.00,0
1614311500,4,1231,1541.33,0
1614311501,4,1232,1151.00,0
1614311502,4,1234,1271.00,0
1614311503,4,1238,1295.00,0
1614311504,4,1240,773.50,0
1614311505,4,1244,1414.00,0
1614311506,4,1245,1033.00,0
1614311507,4,1246,1073.00,0
1614311508,4,1248,1927.50,0
1614311509,4,1252,3593.75,0
1614311510,4,1255,700.00,0
1614311511,4,1256,722.00,0
1614311512,4,1258,1886.50,0
1614311513,4,1260,838.00,0
1614311514,4,1261,1899.00,0
1614311515,4,1264,1084.33,0
1614311516,4,1269,3671.80,0
1614311517,4,1272,1031.67,0
1614311518,4,1274,851.50,0
1614311519,4,1277,1467.00,0
1614311520,4,1279,1193.50,0
1614311521,4,1283,1086.50,0
1614311522,4,1288,681.20,0
1614311523,4,1291,982.67,0
1614311524,4,1294,801.67,0
1614311525,4,1295,879.00,0
1614311526,4,1298,1082.67,0
1614311527,4,1300,5462.50,0
1614311528,4,1303,1176.00,0
1614311529,4,1307,813.50,0
1614311530,4,1311,1977.50,0
1614311531,4,1313,735.50,0
1614311532,4,1317,1659.25,0
1614311533,4,1320,1062.67,0
1614311534,4,1324,894.25,0
1614311535,4,1328,893.75,0
1614311536,4,1332,810.50,0
1614311537,4,1335,1019.00,0
1614311538,4,1339,672.00,0
1614311539,4,1341,798.50,0
1614311540,4,1342,675.00,0
1614311541,4,1343,764.00,0
1614311542,4,1346,3905.33,0
1614311543,4,1348,1236.50,0
1614311544,4,1349,596.00,0
1614311545,4,1354,3013.00,0
1614311546,4,1357,1506.00,0
1614311547,4,1360,644.50,0
1614311548,4,1366,788.17,0
1614311549,4,1368,819.50,0
1614311550,4,1372,2193.75,0
1614311551,4,1374,790.00,0
1614311552,4,1376,1155.50,0
1614311553,4,1379,1518.67,0
1614311554,4,1381,1057.50,0
1614311555,4,1383,2000.50,0
1614311556,4,1386,2853.67,0
1614311557,4,1390,906.50,0
1614311558,4,1396,971.17,0
1614311559,4,1400,686.50,0
1614311560,4,1403,956.33,0
1614311561,4,1407,1069.00,0
1614311562,4,1411,747.67,0
1614311563,4,1414,1204.50,0
1614311564,4,1416,1367.00,0
1614311565,4,1417,1147.00,0
1614311566,4,1419,1816.50,0
1614311567,4,1424,1130.00,0
1614311568,4,1426,843.50,0
1614311569,4,1427,1729.00,0
1614311570,4,1429,2046.50,0
1614311571,4,1432,1573.33,0
1614311572,4,1437,2625.60,0
1614311573,4,1440,818.33,0
1614311574,4,1443,1010.00,0
1614311575,4,1445,1130.50,0
1614311576,4,1448,1365.67,0
1614311577,4,1450,1322.00,0
1614311578,4,1452,728.50,0
1614311579,4,1454,748.00,0
1614311580,4,1457,817.00,0
1614311581,4,1458,1106.00,0
1614311582,4,1459,637.00,0
1614311583,4,1460,3190.00,0
1614311584,4,1463,4598.00,0
1614311585,4,1467,663.00,0
1614311586,4,1473,2380.33,0
1614311587,4,1474,614.00,0
1614311588,4,1475,0.00,0
1614311589,4,1477,1888.50,0
1614311590,4,1479,2008.00,0
1614311591,4,1480,804.00,0
1614311592,4,1482,1895.00,0
1614311593,4,1484,866.00,0
1614311594,4,1484,0.00,0
1614311595,4,1486,1890.50,0
1614311596,4,1486,0.00,0
1614311597,4,1487,1803.00,0
1614311598,4,1489,6282.00,0
1614311599,4,1491,747.00,0
1614311600,4,1494,4561.33,0
1614311601,4,1497,1403.33,0
1614311602,4,1501,781.50,0
1614311603,4,1503,1239.50,0
1614311604,4,1505,558.00,0
1614311605,4,1506,834.00,0
1614311606,4,1508,5874.00,0
1614311607,4,1510,1819.00,0
1614311608,4,1516,1891.50,0
1614311609,4,1520,668.00,0
1614311610,4,1526,904.00,0
1614311611,4,1530,687.25,0
1614311612,4,1534,900.67,0
1614311613,4,1539,1154.00,0
1614311614,4,1543,799.75,0
1614311615,4,1547,704.25,0
1614311616,4,1550,798.00,0
1614311617,4,1554,887.75,0
1614311618,4,1558,2128.75,0
1614311619,4,1563,773.40,0
1614311620,4,1568,728.60,0
1614311621,4,1573,822.80,0
1614311622,4,1576,863.00,0
1614311623,4,1578,839.50,0
1614311624,4,1582,1676.25,0
1614311625,4,1586,1009.00,0
1614311626,4,1588,664.50,0
1614311627,4,1589,1849.00,0
1614311628,4,1590,791.00,0
1614311629,4,1592,784.00,0
1614311630,4,1596,2574.00,0
1614311631,4,1602,1720.33,0
1614311632,4,1606,707.25,0
1614311633,4,1608,669.50,0
1614311634,4,1612,1431.00,0
1614311635,4,1616,848.50,0
1614311636,4,1619,632.67,0
1614311637,4,1621,1001.50,0
1614311638,5,1623,1017.50,0
1614311639,5,1624,819.00,0
1614311640,5,1624,0.00,0
1614311641,5,1626,2362.50,0
1614311642,5,1627,1201.00,0
1614311643,5,1628,924.00,0
1614311644,5,1629,1251.00,0
1614311645,5,1630,12100.00,0
1614311646,5,1632,765.00,0
1614311647,5,1632,0.00,0
1614311648,5,1633,1253.00,0
1614311649,5,1634,1205.00,0
1614311650,5,1634,0.00,0
1614311651,5,1635,14359.00,0
1614311652,5,1637,810.50,0
1614311653,5,1639,7739.00,0
1614311654,5,1640,2124.00,0
1614311655,5,1642,936.00,0
1614311656,5,1644,8094.50,0
1614311657,5,1646,1169.50,0
1614311658,5,1647,1170.00,0
1614311659,5,1649,2231.50,0
1614311660,5,1650,954.00,0
1614311661,5,1653,6389.33,0
1614311662,5,1656,2582.00,0
1614311663,5,1661,1121.40,0
1614311664,5,1664,968.67,0
1614311665,5,1668,4972.50,0
1614311666,5,1671,1008.33,0
1614311667,5,1676,1025.50,0
1614311668,5,1679,737.50,0
1614311669,5,1682,1190.67,0
1614311670,5,1685,1288.67,0
1614311671,5,1688,650.50,0
1614311672,5,1691,724.00,0
1614311673,5,1692,2157.00,0
1614311674,5,1695,3828.50,0
1614311675,5,1698,2242.33,0
1614311676,5,1700,1093.50,0
1614311677,5,1702,1490.50,0
1614311678,5,1704,2134.50,0
1614311679,5,1706,744.00,0
1614311680,5,1709,1829.33,0
1614311681,5,1711,971.50,0
1614311682,5,1713,772.00,0
1614311683,5,1715,1011.50,0
1614311684,5,1720,3258.20,0
1614311685,5,1724,2293.25,0
1614311686,5,1727,1091.33,0
1614311687,5,1729,808.00,0
1614311688,5,1733,1938.67,0
1614311689,5,1734,1564.00,0
1614311690,5,1738,1945.50,0
1614311691,5,1741,911.00,0
1614311692,5,1745,4087.75,0
1614311693,5,1749,1413.50,0
1614311694,5,1752,803.00,0
1614311695,5,1755,828.33,0
1614311696,5,1757,698.50,0
1614311697,5,1759,2802.50,0
1614311698,5,1762,1363.00,0
1614311699,5,1765,1904.00,0
1614311700,5,1767,1063.50,0
1614311701,5,1768,2041.00,0
1614311702,5,1770,2018.00,0
1614311703,5,1772,1424.00,0
1614311704,5,1779,3576.43,0
1614311705,5,1782,790.00,0
1614311706,5,1784,1300.00,0
1614311707,5,1786,944.00,0
1614311708,5,1788,2838.00,0
1614311709,5,1790,947.00,0
1614311710,5,1792,2519.00,0
1614311711,5,1795,1256.33,0
1614311712,5,1797,1210.00,0
1614311713,5,1801,991.75,0
1614311714,5,1803,1171.00,0
1614311715,5,1805,942.00,0
1614311716,5,1807,980.00,0
1614311717,5,1809,735.00,0
1614311718,5,1811,7519.00,0
1614311719,5,1816,955.40,0
1614311720,5,1816,0.00,0
1614311721,5,1819,7430.33,0
1614311722,5,1822,818.50,0
1614311723,5,1826,2220.50,0
1614311724,5,1827,1331.00,0
1614311725,5,1828,2323.00,0
1614311726,5,1828,0.00,0
1614311727,5,1831,2469.67,0
1614311728,5,1832,1162.00,0
1614311729,5,1834,1532.00,0
1614311730,5,1836,2288.50,0
1614311731,5,1839,1220.00,0
1614311732,5,1840,1935.00,0
1614311733,5,1843,5612.33,0
1614311734,5,1845,771.00,0
1614311735,5,1851,1442.50,0
1614311736,5,1855,694.25,0
1614311737,5,1862,2765.43,0
1614311738,5,1868,845.50,0
1614311739,5,1872,1034.75,0
1614311740,5,1878,969.33,0
1614311741,5,1881,672.67,0
1614311742,5,1884,1177.00,0
1614311743,5,1885,693.00,0
1614311744,5,1889,1812.75,0
1614311745,5,1893,1535.00,0
1614311746,5,1895,726.00,0
1614311747,5,1900,2338.60,0
1614311748,5,1905,1164.80,0
1614311749,5,1907,1023.50,0
1614311750,5,1909,1506.50,0
1614311751,5,1912,1371.67,0
1614311752,5,1916,2027.25,0
1614311753,5,1922,1357.00,0
1614311754,5,1927,740.00,0
1614311755,5,1931,791.25,0
1614311756,5,1936,1146.00,0
1614311757,5,1942,841.67,0
1614311758,5,1945,626.50,0
1614311759,5,1949,1153.00,0
1614311760,5,1951,747.00,0
1614311761,5,1955,1605.25,0
1614311762,5,1959,951.75,0
1614311763,5,1962,994.67,0
1614311764,5,1963,740.00,0
1614311765,5,1968,1380.60,0
1614311766,5,1969,12058.00,0
1614311767,5,1970,1205.00,0
1614311768,5,1972,1170.00,0
1614311769,5,1977,2761.80,0
1614311770,5,1978,730.00,0
1614311771,5,1979,1206.00,0
1614311772,5,1984,2308.60,0
1614311773,5,1986,1009.00,0
1614311774,5,1988,950.50,0
1614311775,5,1991,1371.33,0
1614311776,5,1995,2663.50,0
1614311777,5,1997,1172.50,0
1614311778,5,2000,980.67,0
1614311779,5,2002,1202.00,0
1614311780,5,2004,1258.00,0
1614311781,5,2006,2547.00,0
1614311782,5,2011,1521.80,0
1614311783,5,2016,3357.60,0
1614311784,5,2021,1158.60,0
1614311785,5,2024,790.33,0
1614311786,5,2024,0.00,0
1614311787,5,2024,0.00,0
1614311788,5,2025,2356.00,0
1614311789,5,2026,4006.00,0
1614311790,5,2028,801.00,0
1614311791,5,2028,0.00,0
1614311792,5,2031,3291.33,0
1614311793,5,2034,793.33,0
1614311794,5,2035,796.00,0
1614311795,5,2037,1464.50,0
1614311796,5,2039,735.00,0
1614311797,5,2040,2236.00,0
1614311798,5,2044,7819.00,0
1614311799,5,2049,738.00,0
1614311800,5,2054,753.60,0
1614311801,5,2055,829.00,0
1614311802,5,2057,2652.00,0
1614311803,5,2059,1380.50,0
1614311804,5,2064,1665.00,0
1614311805,5,2066,756.00,0
1614311806,5,2067,753.00,0
1614311807,5,2067,0.00,0
1614311808,5,2068,2242.00,0
1614311809,5,2069,1193.00,0
1614311810,5,2071,7558.00,0
1614311811,5,2072,1055.00,0
1614311812,5,2076,2897.25,0
1614311813,5,2079,3222.00,0
1614311814,5,2082,1100.67,0
1614311815,5,2085,843.00,0
1614311816,5,2087,1044.00,0
1614311817,5,2091,1609.25,0
1614311818,5,2092,1845.00,0
1614311819,5,2099,3448.43,0
1614311820,5,2100,763.00,0
1614311821,5,2102,1591.00,0
1614311822,5,2105,2304.33,0
1614311823,5,2108,1215.00,0
1614311824,5,2111,1045.67,0
1614311825,5,2113,1254.50,0
1614311826,5,2114,880.00,0
1614311827,5,2116,3951.00,0
1614311828,5,2117,3900.00,0
1614311829,5,2119,2362.00,0
1614311830,5,2122,2059.00,0
1614311831,5,2122,0.00,0
1614311832,5,2122,0.00,0
1614311833,5,2125,1853.67,0
1614311834,5,2126,768.00,0
1614311835,5,2127,863.00,0
1614311836,5,2129,7298.50,0
1614311837,5,2132,1014.50,0
1614311838,5,2135,3168.33,0
1614311839,5,2137,1198.50,0
1614311840,5,2138,1235.00,0
1614311841,5,2139,14053.00,0
1614311842,5,2139,0.00,0
1614311843,5,2140,4033.00,0
1614311844,5,2140,0.00,0
1614311845,5,2140,0.00,0
1614311846,5,2141,8235.00,0
1614311847,5,2141,0.00,0
1614311848,5,2143,7899.50,0
1614311849,5,2144,2253.00,0
1614311850,5,2144,0.00,0
1614311851,5,2145,2280.00,0
1614311852,5,2147,2378.50,0
1614311853,5,2148,1319.00,0
1614311854,5,2150,1143.00,0
1614311855,5,2152,893.50,0
1614311856,5,2153,15261.00,0
1614311857,5,2156,5872.33,0
1614311858,5,2159,1750.67,0
1614311859,5,2163,4387.50,0
1614311860,5,2167,793.00,0
1614311861,5,2169,1175.00,0
1614311862,5,2174,1247.60,0
1614311863,5,2178,1503.75,0
1614311864,5,2180,894.50,0
1614311865,5,2184,996.75,0
1614311866,5,2187,1605.00,0
1614311867,5,2192,1128.00,0
1614311868,5,2197,3064.40,0
1614311869,5,2201,1190.75,0
1614311870,5,2203,1302.50,0
1614311871,5,2206,1310.67,0
1614311872,5,2208,784.50,0
1614311873,5,2212,1060.75,0
1614311874,5,2215,882.00,0
1614311875,5,2222,1564.00,0
1614311876,5,2224,1145.50,0
1614311877,5,2227,772.00,0
1614311878,5,2227,0.00,0
1614311879,5,2227,0.00,0
1614311880,5,2228,4035.00,0
1614311881,5,2230,2454.50,0
1614311882,5,2232,941.00,0
1614311883,5,2236,5782.75,0
1614311884,5,2237,1647.00,0
1614311885,5,2238,1522.00,0
1614311886,5,2242,3499.00,0
1614311887,5,2248,1878.50,0
1614311888,5,2250,1241.50,0
1614311889,5,2252,2271.00,0
1614311890,5,2255,1897.33,0
1614311891,5,2259,1178.75,0
1614311892,5,2264,938.80,0
1614311893,5,2265,777.00,0
1614311894,5,2268,1368.67,0
1614311895,5,2273,2699.00,0
1614311896,5,2275,674.00,0
1614311897,5,2278,1719.67,0
1614311898,5,2283,971.00,0
1614311899,5,2286,851.00,0
1614311900,5,2288,1304.00,0
1614311901,5,2292,1322.75,0
1614311902,5,2294,1211.00,0
1614311903,5,2299,1008.80,0
1614311904,5,2301,2026.50,0
1614311905,5,2303,991.00,0
1614311906,5,2304,1153.00,0
1614311907,5,2307,4911.33,0
1614311908,5,2310,708.67,0
1614311909,5,2311,812.00,0
1614311910,5,2313,2408.00,0
1614311911,5,2313,0.00,0
1614311912,5,2315,3173.00,0
1614311913,5,2318,1281.67,0
1614311914,5,2318,0.00,0
1614311915,5,2320,2364.00,0
1614311916,5,2321,2910.00,0
1614311917,5,2321,0.00,0
1614311918,5,2328,5320.86,0
1614311919,5,2335,863.43,0
1614311920,5,2340,731.20,0
1614311921,5,2346,987.33,0
1614311922,5,2351,654.20,0
1614311923,5,2354,693.50,0
1614311924,5,2358,1153.75,0
1614311925,5,2359,2045.00,0
1614311926,5,2364,2211.80,0
1614311927,5,2366,688.00,0
1614311928,5,2368,1371.00,0
1614311929,5,2371,850.33,0
1614311930,5,2374,2101.00,0
1614311931,5,2378,2302.25,0
1614311932,5,2382,903.75,0
1614311933,5,2384,837.50,0
1614311934,5,2388,1173.75,0
1614311935,5,2391,851.50,0
1614311936,5,2395,964.00,0
1614311937,5,2398,765.00,0
1614311938,5,2402,4034.00,0
1614311939,5,2406,669.50,0
1614311940,5,2406,0.00,0
1614311941,5,2411,1904.00,0
1614311942,5,2412,981.00,0
1614311943,5,2413,1536.00,0
1614311944,5,2416,1470.33,0
1614311945,5,2417,13532.00,0
1614311946,5,2418,1947.00,0
1614311947,5,2421,2571.00,0
1614311948,5,2422,1078.00,0
1614311949,5,2425,2967.50,0
1614311950,5,2426,818.00,0
1614311951,5,2428,1499.00,0
1614311952,5,2429,1235.00,0
1614311953,5,2430,910.00,0
1614311954,5,2430,0.00,0
1614311955,5,2433,4164.33,0
1614311956,5,2436,7685.67,0
1614311957,5,2439,1835.33,0
1614311958,5,2443,1477.00,0
1614311959,5,2446,882.00,0
1614311960,5,2448,938.00,0
1614311961,5,2450,996.00,0
1614311962,5,2452,1186.00,0
1614311963,5,2452,0.00,0
1614311964,5,2454,2400.50,0
1614311965,5,2455,844.00,0
1614311966,5,2457,4938.50,0
1614311967,5,2463,2032.33,0
1614311968,5,2469,702.83,0
1614311969,5,2474,3108.00,0
1614311970,5,2479,921.00,0
1614311971,5,2483,706.25,0
1614311972,5,2484,1271.00,0
1614311973,5,2488,1498.00,0
1614311974,5,2492,2139.75,0
1614311975,5,2494,844.00,0
1614311976,5,2496,1225.00,0
1614311977,5,2498,1582.00,0
1614311978,5,2501,2441.67,0
1614311979,5,2503,846.50,0
1614311980,5,2507,1133.67,0
1614311981,5,2508,794.00,0
1614311982,5,2510,1418.00,0
1614311983,5,2512,1000.50,0
1614311984,5,2515,1741.67,0
1614311985,5,2519,4166.75,0
1614311986,5,2524,972.00,0
1614311987,5,2528,736.75,0
1614311988,5,2529,697.00,0
1614311989,5,2532,1301.67,0
1614311990,5,2536,3863.50,0
1614311991,5,2539,650.33,0
1614311992,5,2543,2547.00,0
1614311993,5,2546,783.00,0
1614311994,5,2551,1941.60,0
1614311995,5,2554,1044.67,0
1614311996,5,2558,839.25,0
1614311997,5,2561,1618.00,0
1614311998,5,2566,2360.25,0
1614311999,5,2569,796.67,0
1614312000,5,2572,1131.00,0
1614312001,5,2575,966.00,0
1614312002,5,2578,2798.67,0
1614312003,5,2583,1186.40,0
1614312004,5,2584,648.00,0
1614312005,5,2586,1199.50,0
1614312006,5,2590,2112.67,0
1614312007,5,2592,965.50,0
1614312008,5,2596,981.00,0
1614312009,5,2600,1481.50,0
1614312010,5,2604,1096.25,0
1614312011,5,2607,4878.67,0
1614312012,5,2610,678.67,0
1614312013,5,2614,2455.00,0
1614312014,5,2616,739.50,0
1614312015,5,2619,1627.00,0
1614312016,5,2622,944.00,0
1614312017,5,2624,730.50,0
1614312018,5,2627,1515.33,0
1614312019,5,2631,869.00,0
1614312020,5,2633,861.00,0
1614312021,5,2636,3469.67,0
1614312022,5,2638,940.00,0
1614312023,5,2639,874.00,0
1614312024,5,2640,1233.00,0
1614312025,5,2640,0.00,0
1614312026,5,2641,13436.00,0
1614312027,5,2641,0.00,0
1614312028,5,2644,4150.00,0
1614312029,5,2646,992.50,0
1614312030,5,2649,4094.67,0
1614312031,5,2653,1156.25,0
1614312032,5,2656,700.00,0
1614312033,5,2659,2164.33,0
1614312034,5,2662,949.33,0
1614312035,5,2664,7323.50,0
1614312036,5,2665,1066.00,0
1614312037,5,2667,2177.50,0
1614312038,5,2669,996.00,0
1614312039,5,2672,2146.00,0
1614312040,5,2677,2526.00,0
1614312041,5,2679,901.50,0
1614312042,5,2681,1063.00,0
1614312043,5,2684,1834.00,0
1614312044,5,2686,833.50,0
1614312045,5,2689,1087.67,0
1614312046,5,2690,869.00,0
1614312047,5,2692,1536.50,0
1614312048,5,2698,4555.17,0
1614312049,5,2700,843.50,0
1614312050,5,2701,1468.00,0
1614312051,5,2702,807.00,0
1614312052,5,2704,2466.50,0
1614312053,5,2707,2318.67,0
1614312054,5,2709,984.50,0
1614312055,5,2709,0.00,0
1614312056,5,2714,2533.20,0
1614312057,5,2716,802.50,0
1614312058,5,2719,1909.67,0
1614312059,5,2722,1789.00,0
1614312060,5,2727,1075.20,0
1614312061,5,2731,823.00,0
1614312062,5,2737,2902.00,0
1614312063,5,2740,702.33,0
1614312064,5,2744,1594.00,0
1614312065,5,2745,0.00,0
1614312066,5,2747,2530.00,0
1614312067,5,2750,1207.00,0
1614312068,5,2752,2866.50,0
1614312069,5,2755,941.33,0
1614312070,5,2759,1683.75,0
1614312071,5,2763,2605.00,0
1614312072,5,2765,1372.00,0
1614312073,5,2767,905.50,0
1614312074,5,2768,2237.00,0
1614312075,5,2769,1296.00,0
1614312076,5,2771,3121.50,0
1614312077,5,2774,3482.33,0
1614312078,5,2777,2872.33,0
1614312079,5,2778,1190.00,0
1614312080,5,2779,2040.00,0
1614312081,5,2780,1192.00,0
1614312082,5,2780,0.00,0
1614312083,5,2781,4202.00,0
1614312084,5,2781,0.00,0
1614312085,5,2783,4317.50,0
1614312086,5,2784,817.00,0
1614312087,5,2785,799.00,0
1614312088,5,2787,1028.00,0
1614312089,5,2790,3568.67,0
1614312090,5,2791,1297.00,0
1614312091,5,2793,8272.00,0
1614312092,5,2795,1677.50,0
1614312093,5,2796,698.00,0
1614312094,5,2797,691.00,0
1614312095,5,2798,1296.00,0
1614312096,5,2799,4105.00,0
1614312097,5,2801,7587.00,0
1614312098,5,2806,3601.80,0
1614312099,5,2811,807.25,0
1614312100,5,2814,882.00,0
1614312101,5,2817,1121.00,0
1614312102,5,2821,850.25,0
1614312103,5,2823,755.50,0
1614312104,5,2825,945.50,0
1614312105,5,2827,971.00,0
1614312106,5,2831,3296.25,0
1614312107,5,2833,1006.50,0
1614312108,5,2840,2927.43,0
1614312109,5,2843,834.33,0
1614312110,5,2847,984.75,0
1614312111,5,2847,0.00,0
1614312112,5,2850,1384.33,0
1614312113,5,2853,1690.33,0
1614312114,5,2857,1526.25,0
1614312115,5,2862,2227.80,0
1614312116,5,2864,1010.00,0
1614312117,5,2867,1387.00,0
1614312118,5,2867,0.00,0
1614312119,5,2868,2219.00,0
1614312120,5,2870,718.00,0
1614312121,5,2871,786.00,0
1614312122,5,2873,4222.00,0
1614312123,5,2876,1833.00,0
1614312124,5,2878,706.00,0
1614312125,5,2880,4303.50,0
1614312126,5,2882,2141.00,0
1614312127,5,2884,1623.50,0
1614312128,5,2887,1318.00,0
1614312129,5,2890,5167.33,0
1614312130,5,2892,765.50,0
1614312131,5,2894,4811.50,0
1614312132,5,2897,1267.67,0
1614312133,5,2898,1378.00,0
1614312134,5,2900,1536.50,0
1614312135,5,2902,4124.00,0
1614312136,5,2903,4035.00,0
1614312137,5,2906,1560.00,0
1614312138,5,2911,2309.80,0
1614312139,5,2917,834.33,0
1614312140,5,2920,871.33,0
1614312141,5,2923,820.67,0
1614312142,5,2925,1121.50,0
1614312143,5,2930,1238.60,0
1614312144,5,2933,1731.00,0
1614312145,5,2935,926.50,0
1614312146,5,2938,1660.00,0
1614312147,5,2942,3921.25,0
1614312148,5,2946,770.25,0
1614312149,5,2950,1072.75,0
1614312150,5,2953,1506.33,0
1614312151,5,2957,2145.25,0
1614312152,5,2961,1449.25,0
1614312153,5,2965,1050.25,0
1614312154,5,2971,1215.67,0
1614312155,5,2974,1065.00,0
1614312156,5,2979,1084.00,0
1614312157,5,2984,1213.20,0
1614312158,5,2986,983.50,0
1614312159,5,2990,1757.25,0
1614312160,5,2995,1284.80,0
1614312161,5,2999,881.50,0
1614312162,5,3002,1077.67,0
1614312163,5,3006,1462.00,0
1614312164,5,3011,990.80,0
1614312165,5,3014,1041.00,0
1614312166,5,3017,776.50,0
1614312167,5,3019,1277.00,0
1614312168,5,3025,2406.17,0
1614312169,5,3028,990.00,0
1614312170,5,3031,880.00,0
1614312171,5,3034,1851.33,0
1614312172,5,3037,1251.00,0
1614312173,5,3039,766.50,0
1614312174,5,3039,0.00,0
1614312175,5,3042,4001.33,0
1614312176,5,3046,1562.50,0
1614312177,5,3049,719.00,0
1614312178,5,3049,0.00,0
1614312179,5,3053,3546.75,0
1614312180,5,3058,899.00,0
1614312181,5,3061,900.00,0
