Seconds,Workers,Queries,Latency,Errors
1614230129,100,200,109.57,0
1614230130,100,400,105.98,0
1614230131,100,500,104.90,0
1614230132,100,700,106.70,0
1614230133,100,882,106.71,0
1614230134,100,1000,105.96,0
1614230135,100,1200,107.40,0
1614230136,100,1346,105.55,0
1614230137,100,1500,107.11,0
1614230138,100,1700,108.03,0
1614230139,100,1820,107.31,0
1614230140,100,2000,105.47,0
1614230141,100,2200,105.71,0
1614230142,100,2305,108.37,0
1614230143,100,2500,106.27,0
1614230144,100,2695,106.78,0
1614230145,100,2802,105.89,0
1614230146,100,3000,107.91,0
1614230147,100,3186,106.34,0
1614230148,100,3300,106.69,0
1614230149,100,3500,107.36,0
1614230150,100,3668,106.92,0
1614230151,100,3800,108.43,0
1614230152,100,4000,106.90,0
1614230153,100,4149,106.09,0
1614230154,100,4300,107.69,0
1614230155,100,4497,107.84,0
1614230156,100,4626,106.47,0
1614230157,100,4800,107.86,0
1614230158,500,4991,107.46,0
1614230159,500,5921,121.59,0
1614230160,500,6819,107.22,0
1614230161,500,7487,108.04,0
1614230162,500,8413,108.19,0
1614230163,500,9146,107.37,0
1614230164,500,9977,107.78,0
1614230165,500,10905,107.74,0
1614230166,500,11555,107.10,0
1614230167,500,12463,107.68,0
1614230168,500,13394,106.59,0
1614230169,500,14018,107.18,0
1614230170,500,14951,106.76,0
1614230171,500,15706,108.14,0
1614230172,500,16246,249.81,0
1614230173,500,17150,238.32,0
1614230174,500,17837,107.17,0
1614230175,500,18724,107.44,0
1614230176,500,19631,107.65,0
1614230177,500,20294,107.31,0
1614230178,500,21211,107.77,0
1614230179,500,22096,107.17,0
1614230180,500,22778,107.30,0
1614230181,500,23693,107.25,0
1614230182,500,24523,107.02,0
1614230183,500,25264,107.37,0
1614230184,500,26173,107.19,0
1614230185,500,26934,106.69,0
1614230186,500,27751,107.47,0
1614230187,500,28658,106.81,0
1614230188,1000,29361,108.08,0
1614230189,1000,29956,716.39,0
1614230190,1000,31537,438.89,0
1614230191,1000,33014,109.38,0
1614230192,1000,34834,110.62,0
1614230193,1000,36284,107.85,0
1614230194,1000,38007,110.47,0
1614230195,1000,39759,110.89,0
1614230196,1000,41110,108.99,0
1614230197,1000,42992,107.83,0
1614230198,1000,44582,120.84,0
1614230199,1000,46056,108.74,0
1614230200,1000,47947,107.63,0
1614230201,1000,49500,107.03,0
1614230202,1000,51035,107.51,0
1614230203,1000,52872,107.26,0
1614230204,1000,54395,107.28,0
1614230205,1000,56021,107.36,0
1614230206,1000,57777,107.25,0
1614230207,1000,59279,108.47,0
1614230208,1000,61002,107.47,0
1614230209,1000,62698,107.80,0
1614230210,1000,64171,106.94,0
1614230211,1000,65985,107.61,0
1614230212,1000,67623,106.68,0
1614230213,1000,69110,106.59,0
1614230214,1000,70957,107.30,0
1614230215,1000,72492,110.17,0
1614230216,1000,73684,437.08,0
1614230217,1000,75015,112.75,0
1614230218,1600,76890,110.59,0
1614230219,1600,79520,128.85,0
1614230220,1600,82128,112.23,0
1614230221,1600,84867,110.85,0
1614230222,1600,87005,120.24,0
1614230223,1600,88141,536.67,0
1614230224,1600,90321,479.95,0
1614230225,1600,93265,116.07,0
1614230226,1600,95875,110.31,0
1614230227,1600,98191,111.13,0
1614230228,1600,101166,111.16,0
1614230229,1600,103480,131.47,0
1614230230,1600,106127,114.56,0
1614230231,1600,108785,108.18,0
1614230232,1600,111339,107.91,0
1614230233,1600,114083,108.15,0
1614230234,1600,116686,108.45,0
1614230235,1600,119205,107.19,0
1614230236,1600,121801,131.05,0
1614230237,1600,124419,109.22,0
1614230238,1600,127107,108.14,0
1614230239,1600,129684,108.24,0
1614230240,1600,132328,108.15,0
1614230241,1600,134986,108.25,0
1614230242,1600,137561,107.74,0
1614230243,1600,140221,111.55,0
1614230244,1600,142816,108.65,0
1614230245,1600,145436,107.90,0
1614230246,1600,148114,107.66,0
1614230247,1600,150715,106.74,0
1614230248,2000,153326,107.54,0
1614230249,2000,156409,146.68,0
1614230250,2000,159279,175.15,0
1614230251,2000,162313,197.02,0
1614230252,2000,165737,110.44,0
1614230253,2000,168844,108.54,0
1614230254,2000,172241,109.79,0
1614230255,2000,175274,131.58,0
1614230256,2000,178352,173.17,0
1614230257,2000,181196,206.88,0
1614230258,2000,184362,119.66,0
1614230259,2000,187580,114.79,0
1614230260,2000,191111,111.15,0
1614230261,2000,194109,132.91,0
1614230262,2000,197288,120.80,0
1614230263,2000,200614,116.26,0
1614230264,2000,203874,108.21,0
1614230265,2000,207147,108.15,0
1614230266,2000,210413,108.40,0
1614230267,2000,213702,108.59,0
1614230268,2000,216953,115.63,0
1614230269,2000,220210,111.54,0
1614230270,2000,223512,110.76,0
1614230271,2000,226781,108.38,0
1614230272,2000,230055,108.46,0
1614230273,2000,233365,107.62,0
1614230274,2000,236595,108.85,0
1614230275,2000,239890,113.58,0
1614230276,2000,243151,110.36,0
1614230277,2000,246439,110.08,0
1614230278,2200,249719,107.90,0
1614230279,2200,253405,112.67,0
1614230280,2200,257010,110.43,0
1614230281,2200,260344,142.68,0
1614230282,2200,263787,141.68,0
1614230283,2200,267054,182.21,0
1614230284,2200,270581,114.10,0
1614230285,2200,274408,111.58,0
1614230286,2200,277737,111.74,0
1614230287,2200,281249,127.86,0
1614230288,2200,284603,146.53,0
1614230289,2200,287979,167.54,0
1614230290,2200,291487,136.00,0
1614230291,2200,295006,111.24,0
1614230292,2200,298831,111.16,0
1614230293,2200,302094,109.90,0
1614230294,2200,305426,166.15,0
1614230295,2200,308947,148.71,0
1614230296,2200,312307,149.66,0
1614230297,2200,316073,112.46,0
1614230298,2200,319402,111.66,0
1614230299,2200,323158,110.62,0
1614230300,2200,326511,154.65,0
1614230301,2200,329777,149.86,0
1614230302,2200,333024,171.43,0
1614230303,2200,336540,123.12,0
1614230304,2200,340339,112.84,0
1614230305,2200,343795,110.50,0
1614230306,2200,347125,131.69,0
1614230307,2200,350518,159.06,0
1614230308,2400,353944,144.81,0
1614230309,2400,357644,171.59,0
1614230310,2400,361434,118.47,0
1614230311,2400,365543,112.83,0
1614230312,2400,369166,124.56,0
1614230313,2400,372605,210.02,0
1614230314,2400,375990,212.27,0
1614230315,2400,379762,140.66,0
1614230316,2400,383762,111.92,0
1614230317,2400,387631,110.55,0
1614230318,2400,391539,110.52,0
1614230319,2400,394900,205.56,0
1614230320,2400,398210,207.82,0
1614230321,2400,401840,191.06,0
1614230322,2400,405692,114.74,0
1614230323,2400,409736,110.81,0
1614230324,2400,413537,108.92,0
1614230325,2400,417085,144.03,0
1614230326,2400,420599,198.84,0
1614230327,2400,423979,205.05,0
1614230328,2400,427850,147.83,0
1614230329,2400,431744,109.81,0
1614230330,2400,435759,110.10,0
1614230331,2400,439495,111.42,0
1614230332,2400,442895,212.34,0
1614230333,2400,446234,206.94,0
1614230334,2400,449992,178.38,0
1614230335,2400,453867,109.96,0
1614230336,2400,457833,109.57,0
1614230337,2400,461751,108.89,0
1614230338,2600,465150,169.91,0
1614230339,2600,468535,260.36,0
1614230340,2600,471973,283.36,0
1614230341,2600,476335,133.86,0
1614230342,2600,480462,112.30,0
1614230343,2600,484792,115.39,0
1614230344,2600,488265,177.85,0
1614230345,2600,491728,258.90,0
1614230346,2600,494973,313.73,0
1614230347,2600,499305,131.35,0
1614230348,2600,503505,113.55,0
1614230349,2600,507763,115.18,0
1614230350,2600,511114,178.04,0
1614230351,2600,514540,271.97,0
1614230352,2600,517958,305.29,0
1614230353,2600,522144,145.99,0
1614230354,2600,526283,115.29,0
1614230355,2600,530583,117.41,0
1614230356,2600,534057,164.99,0
1614230357,2600,537636,255.28,0
1614230358,2600,541022,274.01,0
1614230359,2600,545194,157.24,0
1614230360,2600,549460,115.43,0
1614230361,2600,553732,113.68,0
1614230362,2600,557385,150.33,0
1614230363,2600,560782,273.98,0
1614230364,2600,564095,270.80,0
1614230365,2600,568065,187.70,0
1614230366,2600,572488,117.28,0
1614230367,2600,576573,111.39,0
1614230368,2800,580581,119.46,0
1614230369,2800,584026,318.50,0
1614230370,2800,587260,313.58,0
1614230371,2800,591302,294.91,0
1614230372,2800,595661,123.58,0
1614230373,2800,600254,118.23,0
1614230374,2800,604331,120.21,0
1614230375,2800,607675,353.99,0
1614230376,2800,611047,303.10,0
1614230377,2800,615044,274.33,0
1614230378,2800,619428,124.30,0
1614230379,2800,624074,119.11,0
1614230380,2800,628239,119.07,0
1614230381,2800,631379,348.81,0
1614230382,2800,634648,341.53,0
1614230383,2800,638572,313.19,0
1614230384,2800,642905,125.37,0
1614230385,2800,647477,120.03,0
1614230386,2800,651807,117.64,0
1614230387,2800,655102,309.69,0
1614230388,2800,658254,314.55,0
1614230389,2800,662325,313.74,0
1614230390,2800,666704,124.41,0
1614230391,2800,671388,119.30,0
1614230392,2800,675366,119.91,0
1614230393,2800,678779,337.70,0
1614230394,2800,682168,292.75,0
1614230395,2800,686149,274.05,0
1614230396,2800,690710,124.75,0
1614230397,2800,695256,117.28,0
1614230398,3000,699240,120.73,0
1614230399,3000,702570,405.62,0
1614230400,3000,705936,367.66,0
1614230401,3000,710145,323.79,0
1614230402,3000,714532,155.81,0
1614230403,3000,719334,130.81,0
1614230404,3000,723425,146.28,0
1614230405,3000,726821,372.61,0
1614230406,3000,730158,415.22,0
1614230407,3000,734358,295.14,0
1614230408,3000,739079,137.31,0
1614230409,3000,743780,127.98,0
1614230410,3000,747757,160.68,0
1614230411,3000,751228,430.01,0
1614230412,3000,754310,339.63,0
1614230413,3000,758675,305.46,0
1614230414,3000,763541,143.90,0
1614230415,3000,768352,127.32,0
1614230416,3000,771562,222.24,0
1614230417,3000,775155,389.74,0
1614230418,3000,778614,417.91,0
1614230419,3000,783575,160.65,0
1614230420,3000,788283,123.36,0
1614230421,3000,792871,122.68,0
1614230422,3000,796034,367.55,0
1614230423,3000,799521,358.82,0
1614230424,3000,803651,341.74,0
1614230425,3000,808221,139.11,0
1614230426,3000,813039,134.96,0
1614230427,3000,817000,155.73,0
1614230428,3200,820335,417.65,0
1614230429,3200,823648,427.40,0
1614230430,3200,828093,326.42,0
1614230431,3200,832916,149.92,0
1614230432,3200,837933,146.38,0
1614230433,3200,841077,376.78,0
1614230434,3200,844247,475.02,0
1614230435,3200,848460,414.50,0
1614230436,3200,853334,168.91,0
1614230437,3200,858315,134.11,0
1614230438,3200,862372,157.09,0
1614230439,3200,865771,461.46,0
1614230440,3200,868791,443.15,0
1614230441,3200,873551,329.65,0
1614230442,3200,878142,190.78,0
1614230443,3200,883086,148.89,0
1614230444,3200,886783,199.74,0
1614230445,3200,890236,453.74,0
1614230446,3200,893598,444.68,0
1614230447,3200,898371,240.65,0
1614230448,3200,903337,165.41,0
1614230449,3200,908033,139.22,0
1614230450,3200,911467,407.89,0
1614230451,3200,914464,477.30,0
1614230452,3200,918799,395.94,0
1614230453,3200,923546,157.64,0
1614230454,3200,928600,134.14,0
1614230455,3200,932398,215.30,0
1614230456,3200,935742,458.94,0
1614230457,3200,938823,435.68,0
1614230458,3400,943677,272.75,0
1614230459,3400,948955,184.03,0
1614230460,3400,953604,162.99,0
1614230461,3400,956766,465.53,0
1614230462,3400,960491,490.01,0
1614230463,3400,964546,442.50,0
1614230464,3400,969618,181.56,0
1614230465,3400,974574,179.06,0
1614230466,3400,977718,356.95,0
1614230467,3400,981335,515.28,0
1614230468,3400,985448,488.00,0
1614230469,3400,990096,186.78,0
1614230470,3400,995204,174.47,0
1614230471,3400,998821,227.76,0
1614230472,3400,1002359,526.09,0
1614230473,3400,1005775,471.97,0
1614230474,3400,1010560,282.91,0
1614230475,3400,1015489,194.53,0
1614230476,3400,1020005,169.48,0
1614230477,3400,1023272,519.54,0
1614230478,3400,1026586,476.19,0
1614230479,3400,1031278,357.90,0
1614230480,3400,1036434,183.86,0
1614230481,3400,1041398,152.29,0
1614230482,3400,1044537,439.91,0
1614230483,3400,1047777,502.75,0
1614230484,3400,1052077,453.45,0
1614230485,3400,1057122,189.49,0
1614230486,3400,1062220,151.95,0
1614230487,3400,1066086,195.81,0
1614230488,3600,1069682,502.23,0
1614230489,3600,1072937,603.44,0
1614230490,3600,1077821,346.66,0
1614230491,3600,1083070,204.32,0
1614230492,3600,1087732,209.48,0
1614230493,3600,1091060,467.52,0
1614230494,3600,1094368,577.94,0
1614230495,3600,1098426,525.08,0
1614230496,3600,1103624,204.98,0
1614230497,3600,1108714,193.23,0
1614230498,3600,1111912,308.75,0
1614230499,3600,1115893,580.05,0
1614230500,3600,1119128,540.62,0
1614230501,3600,1124099,311.11,0
1614230502,3600,1129168,215.45,0
1614230503,3600,1133304,256.66,0
1614230504,3600,1136524,574.09,0
1614230505,3600,1139922,556.51,0
1614230506,3600,1144981,352.35,0
1614230507,3600,1150202,198.28,0
1614230508,3600,1155120,207.44,0
1614230509,3600,1158092,472.18,0
1614230510,3600,1161691,552.32,0
1614230511,3600,1164928,593.93,0
1614230512,3600,1170176,287.26,0
1614230513,3600,1175337,206.65,0
1614230514,3600,1180282,210.36,0
1614230515,3600,1183289,451.12,0
1614230516,3600,1186964,596.90,0
1614230517,3600,1190631,511.96,0
1614230518,3800,1195728,225.00,0
1614230519,3800,1201156,236.22,0
1614230520,3800,1204908,307.55,0
1614230521,3800,1208207,618.21,0
1614230522,3800,1211374,626.39,0
1614230523,3800,1216785,436.38,0
1614230524,3800,1221780,241.66,0
1614230525,3800,1226693,245.72,0
1614230526,3800,1229738,508.97,0
1614230527,3800,1233181,640.53,0
1614230528,3800,1237415,573.02,0
1614230529,3800,1242336,239.96,0
1614230530,3800,1247483,252.84,0
1614230531,3800,1251093,332.61,0
1614230532,3800,1254088,633.63,0
1614230533,3800,1257825,663.63,0
1614230534,3800,1262963,354.87,0
1614230535,3800,1267709,285.06,0
1614230536,3800,1272239,260.80,0
1614230537,3800,1275789,532.16,0
1614230538,3800,1278694,666.85,0
1614230539,3800,1283361,526.47,0
1614230540,3800,1288519,246.92,0
1614230541,3800,1293521,250.11,0
1614230542,3800,1297255,326.35,0
1614230543,3800,1300538,654.04,0
1614230544,3800,1303924,622.44,0
1614230545,3800,1308944,422.07,0
1614230546,3800,1313864,242.64,0
1614230547,3800,1318911,255.66,0
1614230548,4000,1322312,456.63,0
1614230549,4000,1325643,659.21,0
1614230550,4000,1329524,705.42,0
1614230551,4000,1334646,299.21,0
1614230552,4000,1339553,293.01,0
1614230553,4000,1342785,416.68,0
1614230554,4000,1346156,715.44,0
1614230555,4000,1349788,707.32,0
1614230557,4000,1355017,376.07,0
1614230558,4000,1360334,278.99,0
1614230559,4000,1364506,335.42,0
1614230560,4000,1367393,680.31,0
1614230561,4000,1370331,701.11,0
1614230562,4000,1375710,547.48,0
1614230563,4000,1380534,307.69,0
1614230564,4000,1384950,339.37,0
1614230565,4000,1387838,572.71,0
1614230566,4000,1391196,784.36,0
1614230567,4000,1394612,773.33,0
1614230568,4000,1399738,369.16,0
1614230569,4000,1404404,317.75,0
1614230570,4000,1408767,309.75,0
1614230571,4000,1412127,689.09,0
1614230572,4000,1415361,716.28,0
1614230573,4000,1420145,528.11,0
1614230574,4000,1425129,273.18,0
1614230575,4000,1430167,284.70,0
1614230576,4000,1433397,448.45,0
1614230577,4000,1437075,692.22,0
1614230578,4000,1440708,655.23,0
1614230579,4200,1445772,340.65,0
1614230580,4200,1450873,339.69,0
1614230581,4200,1454936,379.77,0
1614230582,4200,1458082,735.56,0
1614230583,4200,1461696,690.72,0
1614230584,4200,1466563,580.77,0
1614230585,4200,1471237,295.31,0
1614230586,4200,1476223,339.12,0
1614230587,4200,1479036,606.96,0
1614230588,4200,1482608,802.36,0
1614230589,4200,1486999,626.92,0
1614230590,4200,1492418,323.21,0
1614230591,4200,1497563,335.34,0
1614230592,4200,1500631,444.22,0
1614230593,4200,1504283,782.16,0
1614230594,4200,1507710,734.13,0
1614230595,4200,1512729,447.80,0
1614230596,4200,1517919,326.21,0
1614230597,4200,1522383,321.68,0
1614230598,4200,1525759,625.49,0
1614230599,4200,1529276,746.89,0
1614230600,4200,1533483,639.32,0
1614230601,4200,1538735,303.30,0
1614230602,4200,1543809,356.55,0
1614230603,4200,1547282,428.16,0
1614230604,4200,1550985,708.86,0
1614230605,4200,1554306,753.82,0
1614230606,4200,1559894,405.75,0
1614230607,4200,1564557,331.43,0
1614230608,4200,1569304,329.25,0
1614230609,4400,1572448,667.67,0
1614230610,4400,1575822,806.44,0
1614230611,4400,1580547,673.22,0
1614230612,4400,1585367,348.29,0
1614230613,4400,1590479,379.21,0
1614230614,4400,1594091,649.58,0
1614230615,4400,1597094,753.09,0
1614230616,4400,1601332,746.53,0
1614230617,4400,1606291,407.75,0
1614230618,4400,1611566,364.73,0
1614230619,4400,1615275,446.01,0
1614230620,4400,1618539,811.21,0
1614230621,4400,1621742,793.76,0
1614230622,4400,1626880,568.74,0
1614230623,4400,1632227,366.27,0
1614230624,4400,1636405,385.12,0
1614230625,4400,1639861,604.57,0
1614230626,4400,1643087,855.91,0
1614230627,4400,1647833,686.04,0
1614230628,4400,1652682,345.88,0
1614230629,4400,1657742,383.38,0
1614230630,4400,1661408,490.32,0
1614230631,4400,1664924,764.99,0
1614230632,4400,1668305,832.35,0
1614230633,4400,1673372,495.18,0
1614230634,4400,1678231,361.19,0
1614230635,4400,1682586,403.42,0
1614230636,4400,1686073,649.79,0
1614230637,4400,1689558,857.63,0
1614230638,4400,1694211,670.56,0
1614230639,4400,1698931,344.06,0
1614230640,4400,1704286,379.94,0
1614230641,4400,1707423,528.49,0
1614230642,4400,1710831,761.82,0
1614230643,4400,1714231,852.82,0
1614230644,4400,1719560,495.68,0
1614230645,4400,1724731,347.03,0
1614230646,4400,1728904,385.77,0
1614230647,4400,1732217,752.16,0
1614230648,4400,1735888,760.11,0
1614230649,4400,1740634,610.61,0
1614230650,4400,1745660,332.29,0
1614230651,4400,1750372,380.21,0
1614230652,4400,1753952,554.65,0
1614230653,4400,1756863,865.12,0
1614230654,4400,1761126,829.78,0
1614230655,4400,1766163,361.70,0
1614230656,4400,1771409,380.12,0
1614230657,4400,1775334,403.91,0
1614230658,4400,1778698,693.26,0
1614230659,4400,1782143,870.20,0
1614230660,4400,1786934,626.86,0
1614230661,4400,1791876,365.52,0
1614230662,4400,1796851,366.58,0
1614230663,4400,1800395,472.31,0
1614230664,4400,1803826,803.42,0
1614230665,4400,1807613,804.64,0
1614230666,4400,1812647,441.62,0
1614230667,4400,1817750,391.02,0
1614230668,4400,1821732,357.70,0
1614230669,4400,1825122,662.08,0
1614230670,4400,1828989,788.13,0
1614230671,4400,1833722,630.94,0
