Seconds,Workers,Queries,Latency,Errors
1614385248,5,10,110.40,0
1614385249,5,20,100.90,0
1614385250,5,25,100.00,0
1614385251,5,35,100.30,0
1614385252,5,45,106.10,0
1614385253,5,50,102.60,0
1614385254,5,60,101.10,0
1614385255,5,70,100.60,0
1614385256,5,75,104.00,0
1614385257,5,85,102.90,0
1614385258,5,94,104.67,0
1614385259,5,100,110.40,0
1614385260,5,110,100.60,0
1614385261,5,118,105.62,0
1614385262,5,125,109.20,0
1614385263,5,135,104.60,0
1614385264,5,141,102.50,0
1614385265,5,150,111.71,0
1614385266,5,160,103.00,0
1614385267,5,165,105.60,0
1614385268,5,175,104.50,0
1614385269,5,185,102.60,0
1614385270,5,190,111.40,0
1614385271,5,200,103.44,0
1614385272,5,210,102.20,0
1614385273,5,215,103.00,0
1614385274,5,225,103.56,0
1614385275,5,235,103.00,0
1614385276,5,240,102.20,0
1614385277,5,250,101.50,0
1614385278,5,260,102.50,0
1614385279,5,265,111.80,0
1614385280,5,275,103.30,0
1614385281,5,283,100.00,0
1614385282,5,290,103.20,0
1614385283,5,300,105.00,0
1614385284,5,308,104.62,0
1614385285,5,315,104.80,0
1614385286,5,325,104.30,0
1614385287,5,332,101.00,0
1614385288,5,340,102.17,0
1614385289,5,350,102.90,0
1614385290,5,357,102.29,0
1614385291,5,365,105.86,0
1614385292,5,375,105.70,0
1614385293,5,382,103.43,0
1614385294,5,390,103.29,0
1614385295,5,400,107.80,0
1614385296,5,406,99.33,0
1614385297,5,415,106.89,0
1614385298,5,425,102.40,0
1614385299,5,430,115.20,0
1614385300,5,440,102.89,0
1614385301,5,450,101.00,0
1614385302,5,455,101.00,0
1614385303,5,465,104.67,0
1614385304,5,475,101.30,0
1614385305,5,480,101.60,0
1614385306,5,490,108.90,0
1614385307,10,499,106.56,0
1614385308,10,515,102.56,0
1614385309,10,535,105.55,0
1614385310,10,547,101.67,0
1614385311,10,565,103.06,0
1614385312,10,585,105.25,0
1614385313,10,597,101.58,0
1614385314,10,615,107.71,0
1614385315,10,635,104.75,0
1614385316,10,647,107.58,0
1614385317,10,665,104.94,0
1614385318,10,684,103.95,0
1614385319,10,697,104.25,0
1614385320,10,715,104.22,0
1614385321,10,733,101.89,0
1614385322,10,745,101.40,0
1614385323,10,765,104.89,0
1614385324,10,780,105.13,0
1614385325,10,795,101.30,0
1614385326,10,815,105.10,0
1614385327,10,829,100.43,0
1614385328,10,845,105.79,0
1614385329,10,865,101.90,0
1614385330,10,879,107.71,0
1614385331,10,895,106.87,0
1614385332,10,915,103.80,0
1614385333,10,928,105.15,0
1614385334,10,945,105.19,0
1614385335,10,965,104.45,0
1614385336,10,978,101.54,0
1614385337,10,995,102.88,0
1614385338,10,1015,107.65,0
1614385339,10,1027,102.42,0
1614385340,10,1045,103.65,0
1614385341,10,1065,107.45,0
1614385342,10,1076,102.45,0
1614385343,10,1095,104.05,0
1614385344,10,1115,104.75,0
1614385345,10,1126,103.91,0
1614385346,10,1145,104.53,0
1614385347,10,1163,103.17,0
1614385348,10,1176,103.09,0
1614385349,10,1195,105.47,0
1614385350,10,1210,104.67,0
1614385351,10,1225,105.08,0
1614385352,10,1245,105.35,0
1614385353,10,1260,103.33,0
1614385354,10,1275,105.21,0
1614385355,10,1295,104.55,0
1614385356,10,1308,108.77,0
1614385357,10,1325,105.00,0
1614385358,10,1345,107.90,0
1614385359,10,1357,102.58,0
1614385360,10,1375,101.83,0
1614385361,10,1395,104.95,0
1614385362,10,1407,107.33,0
1614385363,10,1425,105.17,0
1614385364,10,1444,102.16,0
1614385365,10,1456,105.18,0
1614385366,10,1475,103.67,0
1614385367,12,1494,103.89,0
1614385368,12,1510,105.19,0
1614385369,12,1533,103.09,0
1614385370,12,1553,103.40,0
1614385371,12,1570,105.94,0
1614385372,12,1593,105.43,0
1614385373,12,1612,104.16,0
1614385374,12,1629,105.47,0
1614385375,12,1653,101.61,0
1614385376,12,1671,105.22,0
1614385377,12,1689,103.65,0
1614385378,12,1713,106.71,0
1614385379,12,1728,106.80,0
1614385380,12,1749,107.00,0
1614385381,12,1772,105.04,0
1614385382,12,1787,103.79,0
1614385383,12,1809,107.43,0
1614385384,12,1832,103.91,0
1614385385,12,1846,101.38,0
1614385386,12,1869,106.95,0
1614385387,12,1890,105.38,0
1614385388,12,1906,104.13,0
1614385389,12,1929,102.87,0
1614385390,12,1950,104.67,0
1614385391,12,1966,106.12,0
1614385392,12,1989,104.13,0
1614385393,12,2009,105.15,0
1614385394,12,2026,108.25,0
1614385395,12,2049,107.22,0
1614385396,12,2067,105.11,0
1614385397,12,2086,104.65,0
1614385398,12,2109,104.74,0
1614385399,12,2124,108.93,0
1614385400,12,2145,102.95,0
1614385401,12,2168,105.09,0
1614385402,12,2183,102.14,0
1614385403,12,2205,103.68,0
1614385404,12,2228,103.35,0
1614385405,12,2242,106.71,0
1614385406,12,2265,102.70,0
1614385407,12,2288,102.70,0
1614385408,12,2302,103.86,0
1614385409,12,2325,102.52,0
1614385410,12,2346,104.00,0
1614385411,12,2362,104.00,0
1614385412,12,2385,103.74,0
1614385413,12,2406,103.24,0
1614385414,12,2422,107.19,0
1614385415,12,2445,103.87,0
1614385416,12,2466,103.62,0
1614385417,12,2482,104.75,0
1614385418,12,2504,104.50,0
1614385419,12,2524,102.70,0
1614385420,12,2542,101.12,0
1614385421,12,2564,104.59,0
1614385422,12,2583,103.05,0
1614385423,12,2602,104.39,0
1614385424,12,2624,104.09,0
1614385425,12,2643,102.58,0
1614385426,12,2662,104.79,0
1614385427,20,2684,108.32,0
1614385428,20,2716,105.22,0
1614385429,20,2754,105.03,0
1614385430,20,2784,104.57,0
1614385431,20,2814,105.47,0
1614385432,20,2853,103.51,0
1614385433,20,2884,103.29,0
1614385434,20,2914,104.53,0
1614385435,20,2953,104.39,0
1614385436,20,2983,104.13,0
1614385437,20,3014,103.45,0
1614385438,20,3052,104.49,0
1614385439,20,3082,103.07,0
1614385440,20,3114,105.71,0
1614385441,20,3150,102.69,0
1614385442,20,3182,105.00,0
1614385443,20,3214,104.44,0
1614385444,20,3248,104.94,0
1614385445,20,3280,105.06,0
1614385446,20,3314,105.09,0
1614385447,20,3344,105.03,0
1614385448,20,3379,104.40,0
1614385449,20,3414,103.21,0
1614385450,20,3444,103.97,0
1614385451,20,3477,106.91,0
1614385452,20,3514,104.24,0
1614385453,20,3544,102.53,0
1614385454,20,3576,105.31,0
1614385455,20,3614,103.49,0
1614385456,20,3644,104.20,0
1614385457,20,3675,103.68,0
1614385458,20,3714,103.21,0
1614385459,20,3743,106.62,0
1614385460,20,3774,105.65,0
1614385461,20,3812,104.47,0
1614385462,20,3841,103.38,0
1614385463,20,3874,104.18,0
1614385464,20,3910,103.03,0
1614385465,20,3941,105.03,0
1614385466,20,3974,102.12,0
1614385467,20,4009,106.74,0
1614385468,20,4040,102.48,0
1614385469,20,4074,104.32,0
1614385470,20,4109,104.29,0
1614385471,20,4140,103.68,0
1614385472,20,4174,104.79,0
1614385473,20,4204,105.87,0
1614385474,20,4239,103.97,0
1614385475,20,4274,104.88,0
1614385476,20,4304,105.00,0
1614385477,20,4338,105.28,0
1614385478,20,4374,105.06,0
1614385479,20,4403,104.62,0
1614385480,20,4437,104.52,0
1614385481,20,4472,108.41,0
1614385482,20,4502,103.39,0
1614385483,20,4536,104.47,0
1614385484,20,4572,106.36,0
1614385485,20,4601,105.61,0
1614385486,20,4635,106.94,0
1614385487,700,4666,100.35,0
1614385488,700,6061,135.22,0
1614385489,700,7144,109.39,0
1614385490,700,8166,109.12,0
1614385491,700,9561,105.84,0
1614385492,700,10524,105.24,0
1614385493,700,11666,104.36,0
1614385494,700,13061,105.07,0
1614385495,700,13947,105.41,0
1614385496,700,14966,165.76,0
1614385497,700,15676,597.94,0
1614385498,700,16721,109.32,0
1614385499,700,18051,105.45,0
1614385500,700,19160,104.91,0
1614385501,700,20210,105.75,0
1614385502,700,21537,104.88,0
1614385503,700,22613,104.67,0
1614385504,700,23702,104.68,0
1614385505,700,25029,104.15,0
1614385506,700,26059,103.83,0
1614385507,700,27194,104.32,0
1614385508,700,28511,104.35,0
1614385509,700,29497,104.89,0
1614385510,700,30682,104.46,0
1614385511,700,31980,104.60,0
1614385512,700,32925,105.32,0
1614385513,700,34177,104.43,0
1614385514,700,35439,104.25,0
1614385515,700,36386,104.09,0
1614385516,700,37672,105.02,0
1614385517,700,38889,104.33,0
1614385518,700,39858,104.79,0
1614385519,700,41165,104.23,0
1614385520,700,42326,104.38,0
1614385521,700,43337,104.74,0
1614385522,700,44651,104.32,0
1614385523,700,45775,104.38,0
1614385524,700,46828,104.77,0
1614385525,700,48145,104.27,0
1614385526,700,49185,105.88,0
1614385527,700,50312,133.59,0
1614385528,700,51466,104.14,0
1614385529,700,52636,103.95,0
1614385530,700,53800,103.82,0
1614385531,700,54956,104.35,0
1614385532,700,56089,104.35,0
1614385533,700,57296,104.85,0
1614385534,700,58429,104.37,0
1614385535,700,59549,104.40,0
1614385536,700,60784,104.50,0
1614385537,700,61901,104.16,0
1614385538,700,63020,104.14,0
1614385539,700,64265,104.39,0
1614385540,700,65373,104.51,0
1614385541,700,66486,104.86,0
1614385542,700,67721,105.18,0
1614385543,700,68851,103.98,0
1614385544,700,69963,104.16,0
1614385545,700,71178,104.22,0
1614385546,700,72324,104.22,0
1614385547,1300,73444,104.16,0
1614385548,1300,75841,133.60,0
1614385549,1300,77865,115.39,0
1614385550,1300,79933,109.58,0
1614385551,1300,82317,106.99,0
1614385552,1300,83637,224.73,0
1614385553,1300,85507,289.35,0
1614385554,1300,87727,107.66,0
1614385555,1300,90115,106.18,0
1614385556,1300,91854,105.91,0
1614385557,1300,94183,106.66,0
1614385558,1300,96493,105.70,0
1614385559,1300,98338,105.24,0
1614385560,1300,100624,105.91,0
1614385561,1300,102763,109.84,0
1614385562,1300,104828,106.28,0
1614385563,1300,107100,104.77,0
1614385564,1300,109163,104.24,0
1614385565,1300,111317,105.19,0
1614385566,1300,113585,105.01,0
1614385567,1300,115568,106.58,0
1614385568,1300,117787,105.45,0
1614385569,1300,119727,108.68,0
1614385570,1300,121622,233.69,0
1614385571,1300,123770,109.00,0
1614385572,1300,125933,105.41,0
1614385573,1300,128044,104.62,0
1614385574,1300,130207,104.83,0
1614385575,1300,132407,104.96,0
1614385576,1300,134450,104.43,0
1614385577,1300,136642,104.53,0
1614385578,1300,138868,106.15,0
1614385579,1300,140899,105.79,0
1614385580,1300,143098,105.18,0
1614385581,1300,145311,104.27,0
1614385582,1300,147355,104.63,0
1614385583,1300,149543,104.60,0
1614385584,1300,151745,104.61,0
1614385585,1300,153811,104.34,0
1614385586,1300,155988,104.63,0
1614385587,1300,158177,105.06,0
1614385588,1300,160260,105.13,0
1614385589,1300,162453,104.20,0
1614385590,1300,164584,104.39,0
1614385591,1300,166705,104.80,0
1614385592,1300,168899,104.87,0
1614385593,1300,170996,104.46,0
1614385594,1300,173168,104.35,0
1614385595,1300,175365,104.98,0
1614385596,1300,177426,105.24,0
1614385597,1300,179613,104.72,0
1614385598,1300,181818,104.61,0
1614385599,1300,183862,104.58,0
1614385600,1300,186058,104.65,0
1614385601,1300,188249,104.55,0
1614385602,1300,190321,103.90,0
1614385603,1300,192509,104.81,0
1614385604,1300,194510,111.55,0
1614385605,1300,196452,170.70,0
1614385606,1300,198742,104.82,0
1614385607,2000,200834,104.59,0
1614385608,2000,204340,150.22,0
1614385609,2000,207277,117.20,0
1614385610,2000,210796,110.75,0
1614385611,2000,213619,118.03,0
1614385612,2000,214909,490.04,0
1614385613,2000,218890,300.01,0
1614385614,2000,221744,111.25,0
1614385615,2000,224897,110.53,0
1614385616,2000,228495,107.32,0
1614385617,2000,231444,118.34,0
1614385618,2000,234894,140.89,0
1614385619,2000,237967,117.61,0
1614385620,2000,241314,108.05,0
1614385621,2000,244530,105.08,0
1614385622,2000,247880,105.11,0
1614385623,2000,251211,105.41,0
1614385624,2000,254456,105.14,0
1614385625,2000,257781,110.04,0
1614385626,2000,260822,148.38,0
1614385627,2000,264080,107.23,0
1614385628,2000,267481,105.89,0
1614385629,2000,270659,105.43,0
1614385630,2000,273988,105.06,0
1614385631,2000,277359,104.56,0
1614385632,2000,280559,110.42,0
1614385633,2000,283861,111.50,0
1614385634,2000,287158,106.28,0
1614385635,2000,290485,105.35,0
1614385636,2000,293752,105.14,0
1614385637,2000,297038,105.46,0
1614385638,2000,300399,105.62,0
1614385639,2000,303561,114.23,0
1614385640,2000,306676,121.67,0
1614385641,2000,309703,183.17,0
1614385642,2000,313109,108.06,0
1614385643,2000,316299,106.44,0
1614385644,2000,319542,105.94,0
1614385645,2000,322993,106.40,0
1614385646,2000,326108,105.52,0
1614385647,2000,329447,119.83,0
1614385648,2000,332693,108.47,0
1614385649,2000,336015,106.25,0
1614385650,2000,339344,105.06,0
1614385651,2000,342580,105.25,0
1614385652,2000,345945,105.04,0
1614385653,2000,349216,105.21,0
1614385654,2000,352481,106.34,0
1614385655,2000,355814,107.56,0
1614385656,2000,359078,108.10,0
1614385657,2000,362384,104.91,0
1614385658,2000,365711,104.99,0
1614385659,2000,369012,104.93,0
1614385660,2000,372305,105.37,0
1614385661,2000,375621,105.30,0
1614385662,2000,378844,107.98,0
1614385663,2000,382163,115.47,0
1614385664,2000,385380,108.22,0
1614385665,2000,388761,106.21,0
1614385666,2000,391995,105.15,0
1614385667,2200,395305,106.49,0
1614385668,2200,399057,108.76,0
1614385669,2200,402548,117.38,0
1614385670,2200,406137,127.76,0
1614385671,2200,409672,128.58,0
1614385672,2200,413074,107.64,0
1614385673,2200,416830,108.39,0
1614385674,2200,420487,108.83,0
1614385675,2200,423920,109.38,0
1614385676,2200,427439,122.77,0
1614385677,2200,431076,129.69,0
1614385678,2200,434554,118.16,0
1614385679,2200,438203,106.86,0
1614385680,2200,441858,106.16,0
1614385681,2200,445462,106.15,0
1614385682,2200,449111,105.92,0
1614385683,2200,452711,107.56,0
1614385684,2200,456260,115.39,0
1614385685,2200,459419,231.03,0
1614385686,2200,462695,120.41,0
1614385687,2200,466337,112.01,0
1614385688,2200,470082,107.84,0
1614385689,2200,473581,107.89,0
1614385690,2200,477313,112.48,0
1614385691,2200,480750,121.21,0
1614385692,2200,484343,115.23,0
1614385693,2200,487975,108.20,0
1614385694,2200,491593,104.94,0
1614385695,2200,495224,105.74,0
1614385696,2200,498876,105.44,0
1614385697,2200,502490,105.25,0
1614385698,2200,506089,110.63,0
1614385699,2200,509678,109.17,0
1614385700,2200,513291,111.58,0
1614385701,2200,516855,106.00,0
1614385702,2200,520452,109.39,0
1614385703,2200,524028,120.65,0
1614385704,2200,527668,107.98,0
1614385705,2200,531187,111.61,0
1614385706,2200,534676,136.07,0
1614385707,2200,538303,112.63,0
1614385708,2200,541653,134.56,0
1614385709,2200,545501,111.11,0
1614385710,2200,548918,108.09,0
1614385711,2200,552531,108.71,0
1614385712,2200,556368,107.35,0
1614385713,2200,559606,146.42,0
1614385714,2200,562966,140.24,0
1614385715,2200,566482,132.66,0
1614385716,2200,570126,107.70,0
1614385717,2200,573838,105.76,0
1614385718,2200,577396,106.13,0
1614385719,2200,581046,105.36,0
1614385720,2200,584599,110.48,0
1614385721,2200,588140,119.75,0
1614385722,2200,591720,112.32,0
1614385723,2200,595402,106.85,0
1614385724,2200,598998,105.05,0
1614385725,2200,602625,105.77,0
1614385726,2200,606299,105.68,0
1614385727,2400,609742,107.06,0
1614385728,2400,613513,157.76,0
1614385729,2400,617255,155.03,0
1614385730,2400,621149,120.11,0
1614385731,2400,625064,106.24,0
1614385732,2400,629077,106.84,0
1614385733,2400,632963,105.83,0
1614385734,2400,636959,106.82,0
1614385735,2400,640705,136.29,0
1614385736,2400,644436,146.27,0
1614385737,2400,648308,131.19,0
1614385738,2400,652194,107.67,0
1614385739,2400,656104,106.89,0
1614385740,2400,660175,106.40,0
1614385741,2400,663972,105.57,0
1614385742,2400,667717,131.25,0
1614385743,2400,671641,130.53,0
1614385744,2400,675395,125.53,0
1614385745,2400,679398,114.07,0
1614385746,2400,683312,105.89,0
1614385747,2400,687245,106.41,0
1614385748,2400,691300,106.83,0
1614385749,2400,695069,108.18,0
1614385750,2400,698883,136.99,0
1614385751,2400,702768,121.03,0
1614385752,2400,706604,119.28,0
1614385753,2400,710669,106.31,0
1614385754,2400,714590,105.80,0
1614385755,2400,718538,106.19,0
1614385756,2400,722550,106.44,0
1614385757,2400,726231,134.24,0
1614385758,2400,729952,133.17,0
1614385759,2400,733848,148.51,0
1614385760,2400,737640,107.46,0
1614385761,2400,741656,108.32,0
1614385762,2400,745608,107.59,0
1614385763,2400,749451,107.66,0
1614385764,2400,753148,149.06,0
1614385765,2400,756960,127.20,0
1614385766,2400,760657,148.68,0
1614385767,2400,764760,109.88,0
1614385768,2400,768586,106.71,0
1614385769,2400,772588,106.15,0
1614385770,2400,776554,106.08,0
1614385771,2400,780303,126.24,0
1614385772,2400,784053,140.84,0
1614385773,2400,787843,137.99,0
1614385774,2400,791785,115.41,0
1614385775,2400,795756,106.18,0
1614385776,2400,799689,105.48,0
1614385777,2400,803660,105.96,0
1614385778,2400,807544,106.38,0
1614385779,2400,811110,156.54,0
1614385780,2400,814321,211.54,0
1614385781,2400,818259,164.78,0
1614385782,2400,822070,110.85,0
1614385783,2400,826219,108.59,0
1614385784,2400,830086,109.00,0
1614385785,2400,833992,106.96,0
1614385786,2400,837699,137.22,0
1614385787,2600,841421,143.66,0
1614385788,2600,845255,198.72,0
1614385789,2600,849586,115.56,0
1614385790,2600,853814,106.45,0
1614385791,2600,858132,106.55,0
1614385792,2600,862378,107.09,0
1614385793,2600,866124,149.79,0
1614385794,2600,869857,186.39,0
1614385795,2600,873851,185.03,0
1614385796,2600,878112,119.44,0
1614385797,2600,882345,106.07,0
1614385798,2600,886730,107.11,0
1614385799,2600,891024,106.78,0
1614385800,2600,894839,163.10,0
1614385801,2600,898376,184.67,0
1614385802,2600,902209,203.23,0
1614385803,2600,906530,118.83,0
1614385804,2600,910872,108.69,0
1614385805,2600,915066,107.90,0
1614385806,2600,919282,111.63,0
1614385807,2600,922942,181.70,0
1614385808,2600,926774,174.77,0
1614385809,2600,930888,179.01,0
1614385810,2600,935185,107.82,0
1614385811,2600,939388,107.45,0
1614385812,2600,943715,107.99,0
1614385813,2600,947755,110.32,0
1614385814,2600,951534,198.82,0
1614385815,2600,955340,213.95,0
1614385816,2600,959243,136.87,0
1614385817,2600,963714,112.06,0
1614385818,2600,967846,107.93,0
1614385819,2600,972198,108.31,0
1614385820,2600,976007,124.30,0
1614385821,2600,980022,188.39,0
1614385822,2600,983693,214.79,0
1614385823,2600,987890,120.85,0
1614385824,2600,992169,107.20,0
1614385825,2600,996418,108.91,0
1614385826,2600,1000754,107.65,0
1614385827,2600,1004418,181.21,0
1614385828,2600,1008187,171.98,0
1614385829,2600,1012033,221.28,0
1614385830,2600,1015935,131.32,0
1614385831,2600,1020372,118.49,0
1614385832,2600,1024362,116.70,0
1614385833,2600,1028366,123.14,0
1614385834,2600,1032335,183.94,0
1614385835,2600,1036114,212.38,0
1614385836,2600,1040304,122.44,0
1614385837,2600,1044618,107.17,0
1614385838,2600,1048814,107.69,0
1614385839,2600,1053103,106.67,0
1614385840,2600,1057080,135.21,0
1614385841,2600,1060805,178.86,0
1614385842,2600,1064806,181.78,0
1614385843,2600,1069086,126.40,0
1614385844,2600,1073277,106.99,0
1614385845,2600,1077571,107.49,0
1614385846,2600,1081770,106.74,0
1614385847,2800,1085475,154.29,0
1614385848,2800,1089384,237.58,0
1614385849,2800,1093310,245.70,0
1614385850,2800,1097802,141.41,0
1614385851,2800,1102231,116.78,0
1614385852,2800,1106895,113.83,0
1614385853,2800,1111291,108.96,0
1614385854,2800,1114602,286.38,0
1614385855,2800,1118257,250.38,0
1614385856,2800,1122388,230.36,0
1614385857,2800,1127145,119.55,0
1614385858,2800,1131603,111.57,0
1614385859,2800,1136263,110.49,0
1614385860,2800,1140153,141.55,0
1614385861,2800,1144135,239.22,0
1614385862,2800,1148052,252.17,0
1614385863,2800,1152401,134.13,0
1614385864,2800,1157099,110.76,0
1614385865,2800,1161653,107.98,0
1614385866,2800,1166261,108.32,0
1614385867,2800,1169951,219.65,0
1614385868,2800,1173645,224.09,0
1614385869,2800,1177981,196.91,0
1614385870,2800,1182541,116.18,0
1614385871,2800,1187243,108.87,0
1614385872,2800,1191779,108.45,0
1614385873,2800,1195990,117.30,0
1614385874,2800,1199838,223.71,0
1614385875,2800,1203376,324.56,0
1614385876,2800,1207793,156.61,0
1614385877,2800,1212317,110.36,0
1614385878,2800,1216921,109.29,0
1614385879,2800,1221541,108.59,0
1614385880,2800,1224994,224.80,0
1614385881,2800,1228975,227.75,0
1614385882,2800,1232822,239.13,0
1614385883,2800,1237488,141.43,0
1614385884,2800,1241785,123.72,0
1614385885,2800,1246380,116.01,0
1614385886,2800,1250352,136.42,0
1614385887,2800,1254283,241.11,0
1614385888,2800,1258091,279.49,0
1614385889,2800,1262476,133.76,0
1614385890,2800,1267093,111.02,0
1614385891,2800,1271697,108.50,0
1614385892,2800,1276116,110.33,0
1614385893,2800,1279770,248.82,0
1614385894,2800,1283434,249.44,0
1614385895,2800,1287665,206.81,0
1614385896,2800,1292262,112.00,0
1614385897,2800,1296862,109.60,0
1614385898,2800,1301508,107.85,0
1614385899,2800,1305339,151.10,0
1614385900,2800,1309313,235.74,0
1614385901,2800,1312710,276.29,0
1614385902,2800,1317464,178.14,0
1614385903,2800,1321757,119.13,0
1614385904,2800,1326454,111.92,0
1614385905,2800,1330584,120.66,0
1614385906,2800,1334287,257.60,0
1614385907,3000,1337720,237.22,0
1614385908,3000,1342109,245.94,0
1614385909,3000,1346760,177.86,0
1614385910,3000,1351689,146.22,0
1614385911,3000,1355820,137.13,0
1614385912,3000,1359745,310.23,0
1614385913,3000,1363205,330.55,0
1614385914,3000,1367857,184.43,0
1614385915,3000,1372652,120.27,0
1614385916,3000,1377606,114.65,0
1614385917,3000,1382126,112.47,0
1614385918,3000,1385832,293.17,0
1614385919,3000,1389471,307.94,0
1614385920,3000,1393720,247.95,0
1614385921,3000,1398707,134.80,0
1614385922,3000,1403429,119.53,0
1614385923,3000,1408389,115.73,0
1614385924,3000,1411673,266.39,0
1614385925,3000,1415083,364.64,0
1614385926,3000,1419219,305.67,0
1614385927,3000,1423971,162.96,0
1614385929,3000,1428835,120.79,0
1614385930,3000,1433747,118.19,0
1614385931,3000,1438121,125.69,0
1614385932,3000,1442020,310.20,0
1614385933,3000,1445353,289.87,0
1614385934,3000,1449963,251.26,0
1614385935,3000,1454784,120.99,0
1614385936,3000,1459638,112.11,0
1614385937,3000,1464633,112.68,0
1614385938,3000,1468173,237.05,0
1614385939,3000,1472087,281.48,0
1614385940,3000,1476099,329.67,0
1614385941,3000,1480873,134.47,0
1614385942,3000,1485504,126.44,0
1614385943,3000,1490373,121.29,0
1614385944,3000,1494209,160.12,0
1614385945,3000,1498076,330.92,0
1614385946,3000,1501895,351.62,0
1614385947,3000,1506644,137.05,0
1614385948,3000,1511508,118.54,0
1614385949,3000,1516377,113.85,0
1614385950,3000,1520362,142.26,0
1614385951,3000,1524487,309.12,0
1614385952,3000,1528076,337.07,0
1614385953,3000,1532841,145.09,0
1614385954,3000,1537736,113.24,0
1614385955,3000,1542672,112.07,0
1614385956,3000,1546892,146.88,0
1614385957,3000,1550607,319.16,0
1614385958,3000,1554178,327.29,0
1614385959,3000,1559048,183.26,0
1614385960,3000,1563743,124.67,0
1614385961,3000,1568630,114.28,0
1614385962,3000,1573029,127.94,0
1614385963,3000,1576820,303.07,0
1614385964,3000,1580154,283.26,0
1614385965,3000,1584696,249.48,0
1614385966,3000,1589413,146.78,0
1614385967,3000,1594377,132.45,0
1614385968,3100,1598751,127.96,0
1614385969,3100,1602273,338.47,0
1614385970,3100,1606117,334.67,0
1614385971,3100,1610356,248.27,0
1614385972,3100,1615577,133.94,0
1614385973,3100,1620470,121.14,0
1614385974,3100,1625421,116.42,0
1614385975,3100,1628994,301.19,0
1614385976,3100,1632837,310.70,0
1614385977,3100,1637235,285.24,0
1614385978,3100,1641934,132.33,0
1614385979,3100,1647033,120.51,0
1614385980,3100,1652078,112.42,0
1614385981,3100,1655560,198.02,0
1614385982,3100,1659289,349.54,0
1614385983,3100,1663523,302.74,0
1614385984,3100,1668705,168.66,0
1614385985,3100,1673565,116.21,0
1614385986,3100,1678616,114.58,0
1614385987,3100,1682638,202.50,0
1614385988,3100,1686310,355.57,0
1614385989,3100,1690124,307.27,0
1614385990,3100,1694630,235.19,0
1614385991,3100,1699521,133.37,0
1614385992,3100,1704534,119.79,0
1614385993,3100,1709532,125.74,0
1614385994,3100,1712819,350.24,0
1614385995,3100,1716597,345.92,0
1614385996,3100,1719849,403.04,0
1614385997,3100,1724322,227.83,0
1614385998,3100,1729394,142.34,0
1614385999,3100,1734453,115.78,0
1614386000,3100,1738969,116.04,0
1614386001,3100,1742708,344.51,0
1614386002,3100,1746582,291.89,0
1614386003,3100,1751062,303.00,0
1614386004,3100,1755461,152.66,0
1614386005,3100,1760302,125.10,0
1614386006,3100,1765491,127.65,0
1614386007,3100,1768815,259.31,0
1614386008,3100,1772803,315.34,0
1614386009,3100,1776922,334.02,0
1614386010,3100,1781791,138.71,0
1614386011,3100,1786682,128.38,0
1614386012,3100,1791678,126.45,0
1614386013,3100,1795227,204.20,0
1614386014,3100,1799036,366.50,0
1614386015,3100,1802418,412.11,0
1614386016,3100,1807264,209.59,0
1614386017,3100,1812318,143.08,0
1614386018,3100,1817123,120.67,0
1614386019,3100,1821645,130.34,0
1614386020,3100,1825486,328.12,0
1614386021,3100,1828979,288.35,0
1614386022,3100,1833644,274.10,0
1614386023,3100,1838509,131.83,0
1614386024,3100,1843476,120.28,0
1614386025,3100,1848596,111.26,0
1614386026,3100,1852217,232.16,0
1614386027,3100,1856295,295.06,0
1614386028,3200,1860478,332.64,0
1614386029,3200,1865381,145.27,0
1614386030,3200,1870358,119.61,0
1614386031,3200,1875789,119.47,0
1614386032,3200,1879628,243.62,0
1614386033,3200,1883285,321.46,0
1614386034,3200,1887450,322.22,0
1614386035,3200,1892571,174.37,0
1614386036,3200,1897598,126.85,0
1614386037,3200,1902791,121.10,0
1614386038,3200,1907116,147.55,0
1614386039,3200,1910927,376.87,0
1614386040,3200,1914537,356.37,0
1614386041,3200,1919833,179.59,0
1614386042,3200,1924815,117.20,0
1614386043,3200,1930083,118.71,0
1614386044,3200,1934287,168.81,0
1614386045,3200,1937990,350.37,0
1614386046,3200,1941703,368.93,0
1614386047,3200,1947108,169.21,0
1614386048,3200,1952027,131.73,0
1614386049,3200,1957216,119.82,0
1614386050,3200,1961090,167.91,0
1614386051,3200,1965030,374.72,0
1614386052,3200,1968662,384.48,0
1614386053,3200,1973799,189.61,0
1614386054,3200,1979022,118.98,0
1614386055,3200,1984133,116.47,0
1614386056,3200,1988090,147.50,0
1614386057,3200,1990616,593.96,0
1614386058,3200,1994634,557.06,0
1614386059,3200,1998940,250.83,0
1614386060,3200,2003715,149.83,0
1614386061,3200,2009017,131.25,0
1614386062,3200,2014106,115.23,0
1614386063,3200,2017403,301.25,0
1614386064,3200,2020713,392.67,0
1614386065,3200,2025229,372.98,0
1614386066,3200,2030207,156.70,0
1614386067,3200,2035275,134.53,0
1614386068,3200,2040432,118.55,0
1614386069,3200,2044030,211.31,0
1614386070,3200,2047772,382.27,0
1614386071,3200,2052126,348.73,0
1614386072,3200,2057100,154.70,0
1614386073,3200,2062201,118.98,0
1614386074,3200,2067469,117.67,0
1614386075,3200,2071476,178.05,0
1614386076,3200,2075019,361.14,0
1614386077,3200,2079243,394.66,0
1614386078,3200,2084100,139.01,0
1614386079,3200,2089345,120.52,0
1614386080,3200,2094436,132.98,0
1614386081,3200,2098243,258.44,0
1614386082,3200,2101609,399.68,0
1614386083,3200,2106339,289.13,0
1614386084,3200,2111260,136.95,0
1614386085,3200,2116440,122.24,0
1614386086,3200,2121634,113.20,0
1614386087,3200,2125272,263.12,0
1614386088,3300,2128935,339.77,0
1614386089,3300,2133425,358.08,0
1614386090,3300,2138589,143.59,0
1614386091,3300,2143750,132.89,0
1614386092,3300,2149197,125.22,0
1614386093,3300,2152624,276.26,0
1614386094,3300,2156977,334.87,0
1614386095,3300,2161126,365.52,0
1614386096,3300,2166073,153.46,0
1614386097,3300,2171251,128.89,0
1614386098,3300,2176613,122.28,0
1614386099,3300,2180143,260.01,0
1614386100,3300,2184268,367.93,0
1614386101,3300,2188366,398.00,0
1614386102,3300,2193327,161.05,0
1614386103,3300,2198297,146.83,0
1614386104,3300,2203725,123.15,0
1614386105,3300,2207193,297.13,0
1614386106,3300,2211047,374.43,0
1614386107,3300,2215517,319.82,0
1614386108,3300,2220652,150.33,0
1614386109,3300,2225936,139.16,0
1614386110,3300,2230765,129.20,0
1614386111,3300,2234392,352.69,0
1614386112,3300,2237873,405.63,0
1614386113,3300,2242870,289.83,0
1614386114,3300,2247574,156.22,0
1614386115,3300,2252905,142.65,0
1614386116,3300,2258205,117.00,0
1614386117,3300,2261729,322.57,0
1614386118,3300,2265285,389.76,0
1614386119,3300,2269991,308.13,0
1614386120,3300,2274892,155.93,0
1614386121,3300,2280191,137.89,0
1614386122,3300,2285325,124.24,0
1614386123,3300,2289042,359.46,0
1614386124,3300,2292607,336.04,0
1614386125,3300,2297210,344.61,0
1614386126,3300,2302215,153.68,0
1614386127,3300,2307262,144.71,0
1614386128,3300,2312680,125.70,0
1614386129,3300,2316253,300.43,0
1614386130,3300,2320118,362.92,0
1614386131,3300,2324257,388.03,0
1614386132,3300,2329241,193.85,0
1614386133,3300,2334066,149.63,0
1614386134,3300,2338987,148.18,0
1614386135,3300,2342783,261.42,0
1614386136,3300,2346333,432.69,0
1614386137,3300,2350003,448.01,0
1614386138,3300,2354937,224.19,0
1614386139,3300,2360017,155.55,0
1614386140,3300,2365362,124.32,0
1614386141,3300,2369661,141.34,0
1614386142,3300,2373420,373.53,0
1614386143,3300,2377334,371.31,0
1614386144,3300,2382070,241.32,0
1614386145,3300,2387326,150.97,0
1614386146,3300,2392775,128.65,0
1614386147,3300,2397193,149.84,0
1614386148,3400,2400761,391.20,0
1614386149,3400,2404783,387.31,0
1614386150,3400,2409692,247.09,0
1614386151,3400,2415026,151.93,0
1614386152,3400,2420457,139.68,0
1614386153,3400,2424444,200.61,0
1614386154,3400,2428332,411.04,0
1614386155,3400,2432160,335.53,0
1614386156,3400,2437283,258.86,0
1614386157,3400,2442441,168.90,0
1614386158,3400,2447988,129.69,0
1614386159,3400,2452414,138.69,0
1614386160,3400,2456439,391.64,0
1614386161,3400,2459933,364.04,0
1614386162,3400,2465147,272.03,0
1614386163,3400,2470320,156.47,0
1614386164,3400,2475762,146.36,0
1614386165,3400,2480257,149.60,0
1614386166,3400,2484158,394.71,0
1614386167,3400,2487657,359.65,0
1614386168,3400,2492837,251.59,0
1614386169,3400,2498361,155.81,0
1614386170,3400,2503747,140.09,0
1614386171,3400,2507849,173.38,0
1614386172,3400,2511778,388.24,0
1614386173,3400,2515726,422.76,0
1614386174,3400,2521125,178.21,0
1614386175,3400,2526455,139.21,0
1614386176,3400,2531804,125.93,0
1614386177,3400,2535630,260.05,0
1614386178,3400,2539563,380.75,0
1614386179,3400,2544123,372.23,0
1614386180,3400,2548901,189.08,0
1614386181,3400,2554264,136.28,0
1614386182,3400,2559238,128.71,0
1614386183,3400,2562837,393.17,0
1614386184,3400,2566561,416.47,0
1614386185,3400,2571356,263.41,0
1614386186,3400,2576587,166.85,0
1614386187,3400,2582023,150.37,0
1614386188,3400,2586042,173.43,0
1614386189,3400,2589891,413.25,0
1614386190,3400,2593821,448.85,0
1614386191,3400,2599177,167.64,0
1614386192,3400,2604620,129.76,0
1614386193,3400,2610038,123.37,0
1614386194,3400,2613664,274.14,0
1614386195,3400,2617646,410.56,0
1614386196,3400,2621633,359.80,0
1614386197,3400,2627180,182.30,0
1614386198,3400,2632274,147.03,0
1614386199,3400,2637681,131.80,0
1614386200,3400,2641195,248.44,0
1614386201,3400,2645239,420.41,0
1614386202,3400,2649399,372.20,0
1614386203,3400,2654776,176.87,0
1614386204,3400,2660020,150.48,0
1614386205,3400,2665149,143.57,0
1614386206,3400,2668944,233.68,0
1614386207,3400,2672315,490.23,0
1614386208,3450,2675760,567.55,0
1614386209,3450,2680786,250.44,0
1614386210,3450,2686147,164.13,0
1614386211,3450,2691553,142.15,0
1614386212,3450,2695559,237.86,0
1614386213,3450,2699368,422.61,0
1614386214,3450,2703204,402.18,0
1614386215,3450,2708278,213.93,0
1614386216,3450,2713773,161.46,0
1614386217,3450,2719335,132.79,0
1614386218,3450,2722764,330.51,0
1614386219,3450,2725979,474.19,0
1614386220,3450,2730510,380.71,0
1614386221,3450,2735890,191.74,0
1614386222,3450,2740902,160.66,0
1614386223,3450,2745307,174.39,0
1614386224,3450,2748926,397.93,0
1614386225,3450,2752859,371.36,0
1614386226,3450,2757823,355.64,0
1614386227,3450,2762976,159.08,0
1614386228,3450,2768505,146.32,0
1614386229,3450,2772865,151.95,0
1614386230,3450,2776589,436.73,0
1614386231,3450,2780214,391.07,0
1614386232,3450,2785195,314.53,0
1614386233,3450,2790547,170.09,0
1614386234,3450,2796010,132.50,0
1614386235,3450,2800591,144.71,0
1614386236,3450,2804221,434.68,0
1614386237,3450,2807851,399.01,0
1614386238,3450,2812396,301.24,0
1614386239,3450,2817589,225.28,0
1614386240,3450,2822850,155.20,0
1614386241,3450,2827691,154.12,0
1614386242,3450,2831549,420.39,0
1614386243,3450,2834806,423.63,0
1614386244,3450,2839790,306.92,0
1614386245,3450,2845020,166.76,0
1614386246,3450,2850531,135.46,0
1614386247,3450,2854891,151.07,0
1614386248,3450,2858672,431.99,0
1614386249,3450,2862443,400.19,0
1614386250,3450,2867503,285.92,0
1614386251,3450,2872693,171.41,0
1614386252,3450,2878101,137.32,0
1614386253,3450,2882411,163.81,0
1614386254,3450,2885999,405.96,0
1614386255,3450,2890072,446.89,0
1614386256,3450,2894869,243.42,0
1614386257,3450,2900403,149.10,0
1614386258,3450,2905890,131.93,0
1614386259,3450,2910184,174.45,0
1614386260,3450,2913903,456.49,0
1614386261,3450,2917785,455.26,0
1614386262,3450,2922787,198.43,0
1614386263,3450,2927935,169.92,0
1614386264,3450,2933546,138.18,0
1614386265,3450,2937182,227.27,0
1614386266,3450,2941318,434.70,0
1614386267,3450,2945054,440.42,0
1614386268,3500,2950312,186.63,0
1614386269,3500,2955762,166.38,0
1614386270,3500,2961200,139.06,0
1614386271,3500,2964727,324.85,0
1614386272,3500,2968400,460.72,0
1614386273,3500,2973045,396.26,0
1614386274,3500,2978204,166.34,0
1614386275,3500,2983558,146.04,0
1614386276,3500,2988940,154.48,0
1614386277,3500,2991158,452.18,0
1614386278,3500,2993600,941.52,0
1614386279,3500,2995967,938.41,0
1614386280,3500,3000842,509.57,0
1614386281,3500,3005754,173.97,0
1614386282,3500,3011224,171.47,0
1614386283,3500,3015670,197.55,0
1614386284,3500,3018614,468.32,0
1614386285,3500,3023413,471.66,0
1614386286,3500,3028555,166.04,0
1614386287,3500,3033925,143.64,0
1614386288,3500,3039373,128.64,0
1614386289,3500,3042999,406.74,0
1614386290,3500,3046868,413.72,0
1614386291,3500,3051509,324.68,0
1614386292,3500,3056733,177.54,0
1614386293,3500,3062033,143.68,0
1614386294,3500,3067472,133.37,0
1614386295,3500,3070580,393.84,0
1614386296,3500,3074635,411.44,0
1614386297,3500,3079011,405.86,0
1614386298,3500,3084182,187.78,0
1614386299,3500,3089571,155.81,0
1614386300,3500,3094286,161.47,0
1614386301,3500,3097751,493.04,0
1614386302,3500,3101529,389.39,0
1614386303,3500,3106192,383.26,0
1614386304,3500,3111232,176.32,0
1614386305,3500,3116582,161.34,0
1614386306,3500,3121653,147.72,0
1614386307,3500,3125216,412.42,0
1614386308,3500,3128957,381.06,0
1614386309,3500,3133636,360.10,0
1614386310,3500,3138928,174.84,0
1614386311,3500,3144306,146.55,0
1614386312,3500,3148863,155.24,0
1614386313,3500,3152757,443.89,0
1614386314,3500,3156533,385.24,0
1614386315,3500,3161295,281.43,0
1614386316,3500,3166947,170.03,0
1614386317,3500,3172346,141.00,0
1614386318,3500,3175902,207.43,0
1614386319,3500,3179866,503.57,0
1614386320,3500,3183508,464.67,0
1614386321,3500,3188484,262.02,0
1614386322,3500,3193897,177.37,0
1614386323,3500,3199326,156.08,0
1614386324,3500,3203433,201.03,0
1614386325,3500,3207280,438.88,0
1614386326,3500,3210954,506.28,0
1614386327,3500,3216295,215.85,0
1614386328,3550,3221742,140.79,0
1614386329,3550,3227249,143.73,0
1614386330,3550,3230919,269.81,0
1614386331,3550,3234634,511.10,0
1614386332,3550,3238879,475.24,0
1614386333,3550,3244053,200.54,0
1614386334,3550,3249199,186.31,0
1614386335,3550,3254439,166.79,0
1614386336,3550,3257766,325.99,0
1614386337,3550,3261199,509.05,0
1614386338,3550,3265786,436.84,0
1614386339,3550,3271071,185.59,0
1614386340,3550,3276624,150.11,0
1614386341,3550,3281759,143.82,0
1614386342,3550,3285392,415.53,0
1614386343,3550,3288934,429.03,0
1614386344,3550,3293649,390.28,0
1614386345,3550,3298698,195.13,0
1614386346,3550,3304080,179.76,0
1614386347,3550,3309195,165.00,0
1614386348,3550,3312642,260.38,0
1614386349,3550,3316498,527.35,0
1614386350,3550,3320466,550.72,0
1614386351,3550,3325656,176.43,0
1614386352,3550,3331128,154.54,0
1614386353,3550,3336453,143.00,0
1614386354,3550,3339868,391.10,0
1614386355,3550,3343269,511.20,0
1614386356,3550,3348273,353.81,0
1614386357,3550,3353590,168.90,0
1614386358,3550,3359154,132.31,0
1614386359,3550,3363777,155.58,0
1614386360,3550,3367581,456.86,0
1614386361,3550,3370940,409.01,0
1614386362,3550,3375905,382.09,0
1614386363,3550,3381023,188.82,0
1614386364,3550,3386588,159.15,0
1614386365,3550,3390766,170.16,0
1614386366,3550,3394689,468.26,0
1614386367,3550,3398374,396.69,0
1614386368,3550,3403224,305.10,0
1614386369,3550,3408717,187.67,0
1614386370,3550,3414363,157.24,0
1614386371,3550,3418535,182.30,0
1614386372,3550,3422611,475.33,0
1614386373,3550,3425823,444.25,0
1614386374,3550,3431145,279.03,0
1614386375,3550,3436504,176.05,0
1614386376,3550,3442054,150.59,0
1614386377,3550,3445773,205.88,0
1614386378,3550,3450076,465.90,0
1614386379,3550,3453789,476.42,0
1614386380,3550,3459090,216.99,0
1614386381,3550,3464556,150.80,0
1614386382,3550,3470140,133.57,0
1614386383,3550,3473789,321.92,0
1614386384,3550,3477740,434.66,0
1614386385,3550,3481897,404.48,0
1614386386,3550,3487437,180.44,0
1614386387,3550,3492882,154.70,0
1614386388,3600,3498266,139.05,0
1614386389,3600,3501840,398.89,0
1614386390,3600,3505673,404.99,0
1614386391,3600,3509847,460.10,0
1614386392,3600,3515159,206.60,0
1614386393,3600,3520702,156.38,0
1614386394,3600,3526147,154.35,0
1614386395,3600,3529460,376.41,0
1614386396,3600,3533167,488.88,0
1614386397,3600,3537656,435.84,0
1614386398,3600,3543003,179.52,0
1614386399,3600,3548405,154.74,0
1614386400,3600,3554027,143.89,0
1614386401,3600,3557421,385.99,0
1614386402,3600,3561168,453.03,0
1614386403,3600,3565977,385.21,0
1614386404,3600,3571183,185.61,0
1614386405,3600,3576606,156.30,0
1614386406,3600,3581920,153.65,0
1614386407,3600,3585502,399.01,0
1614386408,3600,3589147,484.63,0
1614386409,3600,3594156,330.62,0
1614386410,3600,3599386,164.16,0
1614386411,3600,3605037,149.77,0
1614386412,3600,3609615,165.61,0
1614386413,3600,3613352,437.02,0
1614386414,3600,3617514,482.41,0
1614386415,3600,3622176,269.51,0
1614386416,3600,3627627,192.23,0
1614386417,3600,3632919,163.29,0
1614386418,3600,3637240,187.85,0
1614386419,3600,3641055,459.28,0
1614386420,3600,3645023,472.61,0
1614386421,3600,3649622,364.81,0
1614386422,3600,3655010,177.50,0
1614386423,3600,3660296,180.72,0
1614386424,3600,3665099,167.40,0
1614386425,3600,3668823,400.94,0
1614386426,3600,3672424,512.85,0
1614386427,3600,3677675,286.26,0
1614386428,3600,3683050,168.26,0
1614386429,3600,3688744,150.26,0
1614386430,3600,3692863,206.71,0
1614386431,3600,3696312,488.90,0
1614386432,3600,3701101,460.33,0
1614386433,3600,3705885,207.09,0
1614386434,3600,3711500,160.24,0
1614386435,3600,3716682,150.90,0
1614386436,3600,3720326,420.40,0
1614386437,3600,3723806,434.51,0
1614386438,3600,3728384,407.96,0
1614386439,3600,3734007,180.86,0
1614386440,3600,3739474,149.17,0
1614386441,3600,3744503,153.89,0
1614386442,3600,3748146,399.28,0
1614386443,3600,3752271,451.52,0
1614386444,3600,3757207,334.53,0
1614386445,3600,3762112,185.26,0
1614386446,3600,3767776,150.04,0
1614386447,3600,3772308,178.02,0
1614386448,3650,3776100,472.76,0
1614386449,3650,3779559,423.94,0
1614386450,3650,3785060,324.99,0
1614386451,3650,3790469,184.84,0
1614386452,3650,3796039,147.25,0
1614386453,3650,3800573,219.01,0
1614386454,3650,3803956,515.69,0
1614386455,3650,3807741,519.11,0
1614386456,3650,3813262,215.80,0
1614386457,3650,3818868,163.26,0
1614386458,3650,3824464,143.65,0
1614386459,3650,3828309,327.30,0
1614386460,3650,3831923,466.55,0
1614386461,3650,3836514,453.59,0
1614386462,3650,3841709,190.74,0
1614386463,3650,3847306,161.33,0
1614386464,3650,3852590,144.98,0
1614386465,3650,3855965,463.10,0
1614386466,3650,3859963,402.41,0
1614386467,3650,3864765,382.31,0
1614386468,3650,3870080,170.32,0
1614386469,3650,3875644,169.31,0
1614386470,3650,3880303,193.66,0
1614386471,3650,3884255,475.05,0
1614386472,3650,3887948,468.77,0
1614386473,3650,3893179,226.25,0
1614386474,3650,3898854,162.67,0
1614386475,3650,3904407,148.25,0
1614386476,3650,3907569,386.79,0
1614386477,3650,3911406,480.27,0
1614386478,3650,3916196,412.27,0
1614386479,3650,3921574,174.85,0
1614386480,3650,3927079,175.68,0
1614386481,3650,3932319,146.21,0
1614386482,3650,3936016,427.37,0
1614386483,3650,3939566,417.57,0
1614386484,3650,3944830,363.47,0
1614386485,3650,3949979,199.22,0
1614386486,3650,3955361,175.82,0
1614386487,3650,3959505,191.66,0
1614386488,3650,3963273,499.05,0
1614386489,3650,3966523,648.44,0
1614386490,3650,3972136,260.85,0
1614386491,3650,3977468,200.35,0
1614386492,3650,3982866,151.06,0
1614386493,3650,3986779,256.50,0
1614386494,3650,3990798,464.57,0
1614386495,3650,3994951,487.48,0
1614386496,3650,4000219,217.10,0
1614386497,3650,4005697,168.52,0
1614386498,3650,4011345,139.41,0
1614386499,3650,4015012,340.81,0
1614386500,3650,4019123,452.04,0
1614386501,3650,4023233,429.12,0
1614386502,3650,4028470,195.86,0
1614386503,3650,4034408,153.76,0
1614386504,3650,4039993,147.48,0
1614386505,3650,4043378,313.92,0
1614386506,3650,4047523,504.93,0
1614386507,3650,4052246,343.43,0
1614386508,3700,4057820,176.89,0
1614386509,3700,4063361,163.47,0
1614386510,3700,4067903,168.71,0
1614386511,3700,4071708,494.10,0
1614386512,3700,4075891,399.72,0
1614386513,3700,4080937,245.44,0
1614386514,3700,4086504,180.36,0
1614386515,3700,4092221,161.39,0
1614386516,3700,4096000,293.75,0
1614386517,3700,4099931,481.14,0
1614386518,3700,4104895,397.98,0
1614386519,3700,4110353,182.79,0
1614386520,3700,4116020,147.64,0
1614386521,3700,4121260,156.18,0
1614386522,3700,4125021,445.08,0
1614386523,3700,4128519,471.45,0
1614386524,3700,4133863,269.14,0
1614386525,3700,4139632,185.39,0
1614386526,3700,4145353,147.50,0
1614386527,3700,4149024,352.06,0
1614386528,3700,4152338,522.88,0
1614386529,3700,4157470,342.14,0
1614386530,3700,4162852,191.79,0
1614386531,3700,4168696,166.47,0
1614386532,3700,4172704,212.67,0
1614386533,3700,4177003,456.37,0
1614386534,3700,4181126,447.04,0
1614386535,3700,4186601,205.05,0
1614386536,3700,4192329,158.27,0
1614386537,3700,4197231,159.87,0
1614386538,3700,4200966,499.46,0
1614386539,3700,4204721,402.52,0
1614386540,3700,4210230,271.32,0
1614386541,3700,4215687,173.15,0
1614386542,3700,4221516,148.36,0
1614386543,3700,4225423,266.99,0
1614386544,3700,4229396,467.08,0
1614386545,3700,4233914,427.14,0
1614386546,3700,4239310,206.12,0
1614386547,3700,4244952,167.26,0
1614386548,3700,4250286,162.22,0
1614386549,3700,4253983,384.43,0
1614386550,3700,4257486,458.06,0
1614386551,3700,4262875,339.56,0
1614386552,3700,4268460,164.80,0
1614386553,3700,4274143,154.04,0
1614386554,3700,4278391,165.22,0
1614386555,3700,4282526,452.70,0
1614386556,3700,4286681,440.21,0
1614386557,3700,4291850,237.27,0
1614386558,3700,4297373,186.29,0
1614386559,3700,4303093,163.62,0
1614386560,3700,4306957,312.91,0
1614386561,3700,4310775,511.07,0
1614386562,3700,4315292,411.37,0
1614386563,3700,4320795,184.53,0
1614386564,3700,4326443,161.03,0
1614386565,3700,4331447,139.04,0
1614386566,3700,4335105,451.89,0
1614386567,3700,4339294,421.76,0
1614386568,3750,4344642,271.08,0
1614386569,3750,4350402,179.15,0
1614386570,3750,4356054,151.34,0
1614386571,3750,4360178,254.34,0
1614386572,3750,4364277,473.83,0
1614386573,3750,4368537,450.27,0
1614386574,3750,4373838,196.98,0
1614386575,3750,4379809,165.07,0
1614386576,3750,4385170,156.69,0
1614386577,3750,4388836,422.53,0
1614386578,3750,4392468,484.23,0
1614386579,3750,4397807,307.26,0
1614386580,3750,4403407,171.66,0
1614386581,3750,4409213,150.53,0
1614386582,3750,4413683,219.37,0
1614386583,3750,4417350,528.01,0
1614386584,3750,4421618,433.87,0
1614386585,3750,4427265,220.79,0
1614386586,3750,4432938,152.63,0
1614386587,3750,4438413,149.91,0
1614386588,3750,4441727,369.70,0
1614386589,3750,4446102,499.72,0
1614386590,3750,4450835,301.76,0
1614386591,3750,4456249,217.80,0
1614386592,3750,4461878,184.75,0
1614386593,3750,4465959,280.07,0
1614386594,3750,4469959,488.93,0
1614386595,3750,4474613,404.40,0
1614386596,3750,4480332,177.69,0
1614386597,3750,4485972,160.59,0
1614386598,3750,4490750,153.30,0
1614386599,3750,4493467,562.69,0
1614386600,3750,4496224,815.81,0
1614386601,3750,4500673,689.67,0
1614386602,3750,4506198,202.79,0
1614386603,3750,4511364,193.48,0
1614386604,3750,4516044,196.04,0
1614386605,3750,4519728,542.90,0
1614386606,3750,4523998,431.01,0
1614386607,3750,4529312,216.76,0
1614386608,3750,4534974,177.83,0
1614386609,3750,4540602,160.18,0
1614386610,3750,4544132,432.93,0
1614386611,3750,4547446,476.48,0
1614386612,3750,4552792,374.30,0
1614386613,3750,4558257,182.29,0
1614386614,3750,4564127,155.54,0
1614386615,3750,4569066,186.58,0
1614386616,3750,4572512,501.38,0
1614386617,3750,4576568,443.75,0
1614386618,3750,4581518,312.64,0
1614386619,3750,4587354,190.05,0
1614386620,3750,4592897,180.34,0
1614386621,3750,4596712,232.50,0
1614386622,3750,4600579,485.46,0
1614386623,3750,4605055,441.42,0
1614386624,3750,4610575,233.69,0
1614386625,3750,4615860,198.14,0
1614386626,3750,4621614,171.33,0
1614386627,3750,4625002,382.94,0
1614386628,3800,4628588,580.81,0
1614386629,3800,4633729,348.90,0
1614386630,3800,4639399,192.49,0
1614386631,3800,4644921,160.75,0
1614386632,3800,4649300,257.88,0
1614386633,3800,4653291,498.14,0
1614386634,3800,4657531,474.56,0
1614386635,3800,4662376,232.34,0
1614386636,3800,4668299,197.05,0
1614386637,3800,4673999,171.65,0
1614386638,3800,4677563,321.35,0
1614386639,3800,4681322,535.63,0
1614386640,3800,4686547,340.52,0
1614386641,3800,4692126,186.37,0
1614386642,3800,4697972,156.60,0
1614386643,3800,4702519,213.61,0
1614386644,3800,4706503,537.73,0
1614386645,3800,4710575,383.40,0
1614386646,3800,4716301,217.91,0
1614386647,3800,4722000,173.10,0
1614386648,3800,4727711,159.18,0
1614386649,3800,4731163,385.73,0
1614386650,3800,4735389,514.87,0
1614386651,3800,4740597,289.25,0
1614386652,3800,4746018,176.06,0
1614386653,3800,4751934,166.91,0
1614386654,3800,4756007,266.25,0
1614386655,3800,4759716,511.52,0
1614386656,3800,4764804,411.61,0
1614386657,3800,4770295,199.76,0
1614386658,3800,4775871,159.18,0
1614386659,3800,4780597,182.51,0
1614386660,3800,4784670,465.58,0
1614386661,3800,4788495,515.93,0
1614386662,3800,4793967,248.91,0
1614386663,3800,4799526,183.33,0
1614386664,3800,4805053,174.77,0
1614386665,3800,4808532,441.09,0
1614386666,3800,4812167,477.73,0
1614386667,3800,4817713,332.49,0
1614386668,3800,4823089,194.05,0
1614386669,3800,4828738,172.74,0
1614386670,3800,4832958,285.29,0
1614386671,3800,4836809,478.78,0
1614386672,3800,4841262,428.74,0
1614386673,3800,4846908,209.49,0
1614386674,3800,4852758,164.47,0
1614386675,3800,4858267,149.72,0
1614386676,3800,4861986,414.54,0
1614386677,3800,4865589,473.80,0
1614386678,3800,4871075,359.11,0
1614386679,3800,4876555,189.17,0
1614386680,3800,4882285,171.65,0
1614386681,3800,4886829,202.25,0
1614386682,3800,4890428,519.52,0
1614386683,3800,4894970,395.54,0
1614386684,3800,4900594,224.64,0
1614386685,3800,4906278,173.87,0
1614386686,3800,4911920,164.85,0
1614386687,3800,4915711,437.48,0
1614386688,3850,4919461,415.23,0
1614386689,3850,4924624,344.81,0
1614386690,3850,4930263,181.20,0
1614386691,3850,4936210,180.37,0
1614386692,3850,4940503,234.53,0
1614386693,3850,4944707,514.98,0
1614386694,3850,4948815,446.64,0
1614386695,3850,4954158,224.32,0
1614386696,3850,4960143,174.61,0
1614386697,3850,4965723,169.49,0
1614386698,3850,4968933,348.01,0
1614386699,3850,4973430,529.68,0
1614386700,3850,4978194,397.30,0
1614386701,3850,4983857,196.33,0
1614386702,3850,4989453,178.15,0
1614386703,3850,4994095,197.89,0
1614386704,3850,4997958,507.35,0
1614386705,3850,5001867,474.86,0
1614386706,3850,5007553,253.31,0
1614386707,3850,5013079,193.06,0
1614386708,3850,5018926,167.79,0
1614386709,3850,5022304,383.18,0
1614386710,3850,5026327,462.73,0
1614386711,3850,5031874,365.45,0
1614386712,3850,5037186,195.36,0
1614386713,3850,5043113,171.86,0
1614386714,3850,5047683,192.42,0
1614386715,3850,5051382,503.84,0
1614386716,3850,5055716,428.11,0
1614386717,3850,5061158,292.52,0
1614386718,3850,5066473,195.42,0
1614386719,3850,5072393,176.77,0
1614386720,3850,5076139,326.39,0
1614386721,3850,5080118,505.80,0
1614386722,3850,5085521,365.85,0
1614386723,3850,5090866,189.71,0
1614386724,3850,5096695,177.59,0
1614386725,3850,5101537,178.76,0
1614386726,3850,5105372,497.17,0
1614386727,3850,5109050,458.80,0
1614386728,3850,5114512,316.67,0
1614386729,3850,5120019,216.84,0
1614386730,3850,5125788,174.23,0
1614386731,3850,5130303,244.41,0
1614386732,3850,5134291,487.67,0
1614386733,3850,5138116,500.77,0
1614386734,3850,5143366,269.27,0
1614386735,3850,5149433,183.44,0
1614386736,3850,5155196,175.19,0
1614386737,3850,5158518,274.85,0
1614386738,3850,5161531,830.54,0
1614386739,3850,5165533,614.07,0
1614386740,3850,5171081,239.22,0
1614386741,3850,5176890,183.93,0
1614386742,3850,5182720,161.35,0
1614386743,3850,5186342,378.08,0
1614386744,3850,5189550,544.45,0
1614386745,3850,5195082,392.98,0
1614386746,3850,5200918,193.15,0
1614386747,3850,5206646,167.97,0
1614386748,3900,5211355,200.91,0
1614386749,3900,5214901,515.42,0
1614386750,3900,5218956,564.49,0
1614386751,3900,5224700,222.64,0
1614386752,3900,5230601,183.10,0
1614386753,3900,5235970,176.40,0
1614386754,3900,5239500,401.58,0
1614386755,3900,5243019,630.39,0
1614386756,3900,5248554,318.49,0
1614386757,3900,5254201,204.34,0
1614386758,3900,5259894,195.00,0
1614386759,3900,5263777,336.10,0
1614386760,3900,5267595,543.99,0
1614386761,3900,5272649,409.55,0
1614386762,3900,5278324,196.17,0
1614386763,3900,5283891,191.24,0
1614386764,3900,5288537,194.78,0
1614386765,3900,5292626,526.45,0
1614386766,3900,5296446,481.01,0
1614386767,3900,5302200,263.52,0
1614386768,3900,5307612,196.46,0
1614386769,3900,5313006,200.07,0
1614386770,3900,5316324,409.99,0
1614386771,3900,5320248,568.42,0
1614386772,3900,5325411,381.15,0
1614386773,3900,5330914,249.84,0
1614386774,3900,5336572,190.62,0
1614386775,3900,5340660,240.10,0
1614386776,3900,5344616,545.90,0
1614386777,3900,5348933,533.55,0
1614386778,3900,5354261,215.45,0
1614386779,3900,5359930,194.04,0
1614386780,3900,5365588,160.05,0
1614386781,3900,5368824,447.63,0
1614386782,3900,5372665,504.73,0
1614386783,3900,5378335,388.23,0
1614386784,3900,5383436,208.93,0
1614386785,3900,5389336,201.42,0
1614386786,3900,5393727,218.97,0
1614386787,3900,5397506,561.16,0
1614386788,3900,5401750,452.53,0
1614386789,3900,5407463,240.82,0
1614386790,3900,5412963,203.18,0
1614386791,3900,5418409,189.69,0
1614386792,3900,5421997,487.44,0
1614386793,3900,5425836,517.85,0
1614386794,3900,5431152,344.11,0
1614386795,3900,5436450,236.39,0
1614386796,3900,5441965,195.50,0
1614386797,3900,5446222,244.73,0
1614386798,3900,5450479,516.16,0
1614386799,3900,5454350,470.38,0
1614386800,3900,5460295,231.08,0
1614386801,3900,5466113,186.64,0
1614386802,3900,5471747,164.03,0
1614386803,3900,5475487,406.56,0
1614386804,3900,5479190,550.64,0
1614386805,3900,5484522,330.59,0
1614386806,3900,5490112,193.66,0
1614386807,3900,5496209,167.82,0
1614386808,3950,5500554,267.91,0
1614386809,3950,5504177,541.87,0
1614386810,3950,5508682,479.72,0
1614386811,3950,5514405,216.05,0
1614386812,3950,5519977,186.83,0
1614386813,3950,5525283,187.66,0
1614386814,3950,5528797,496.37,0
1614386815,3950,5533039,470.91,0
1614386816,3950,5538692,318.56,0
1614386817,3950,5544110,200.92,0
1614386818,3950,5550221,186.79,0
1614386819,3950,5554343,260.39,0
1614386820,3950,5558175,568.82,0
1614386821,3950,5562896,452.58,0
1614386822,3950,5568498,221.77,0
1614386823,3950,5574170,185.20,0
1614386824,3950,5579217,175.56,0
1614386825,3950,5582908,484.60,0
1614386826,3950,5586897,546.34,0
1614386827,3950,5592863,249.63,0
1614386828,3950,5598772,193.73,0
1614386829,3950,5604048,175.01,0
1614386830,3950,5608279,426.65,0
1614386831,3950,5611611,517.70,0
1614386832,3950,5617019,348.65,0
1614386833,3950,5622631,213.88,0
1614386834,3950,5628414,190.69,0
1614386835,3950,5632206,418.54,0
1614386836,3950,5635911,507.54,0
1614386837,3950,5641746,315.91,0
1614386838,3950,5647377,199.14,0
1614386839,3950,5652960,197.10,0
1614386840,3950,5656872,315.88,0
1614386841,3950,5660466,558.86,0
1614386842,3950,5665670,464.04,0
1614386843,3950,5670960,201.97,0
1614386844,3950,5676715,207.34,0
1614386845,3950,5681142,230.49,0
1614386846,3950,5685522,527.00,0
1614386847,3950,5689312,481.26,0
1614386848,3950,5694810,248.27,0
1614386849,3950,5700767,195.99,0
1614386850,3950,5706540,161.79,0
1614386851,3950,5710561,422.06,0
1614386852,3950,5714161,448.41,0
1614386853,3950,5719529,369.07,0
1614386854,3950,5725388,210.99,0
1614386855,3950,5731053,180.74,0
1614386856,3950,5735553,263.88,0
1614386857,3950,5739529,500.80,0
1614386858,3950,5744196,458.83,0
1614386859,3950,5749835,215.26,0
1614386860,3950,5755620,190.93,0
1614386861,3950,5761222,183.19,0
1614386862,3950,5764328,404.58,0
1614386863,3950,5768734,497.59,0
1614386864,3950,5774507,338.87,0
1614386865,3950,5779730,216.06,0
1614386866,3950,5785713,188.91,0
1614386867,3950,5789938,246.98,0
1614386868,4000,5793841,480.25,0
1614386869,4000,5798556,519.83,0
1614386870,4000,5804177,225.96,0
1614386871,4000,5810103,202.30,0
1614386872,4000,5814379,214.32,0
1614386873,4000,5818277,598.51,0
1614386874,4000,5822553,411.97,0
1614386875,4000,5828120,247.62,0
1614386876,4000,5834382,205.39,0
1614386877,4000,5840102,179.18,0
1614386878,4000,5843489,374.55,0
1614386879,4000,5847994,520.14,0
1614386880,4000,5853275,385.69,0
1614386881,4000,5858699,190.86,0
1614386882,4000,5864509,202.35,0
1614386883,4000,5869242,188.88,0
1614386884,4000,5873103,496.67,0
1614386885,4000,5877024,528.50,0
1614386886,4000,5882786,271.20,0
1614386887,4000,5888590,206.05,0
1614386888,4000,5894658,178.79,0
1614386889,4000,5898266,380.51,0
1614386890,4000,5902314,535.65,0
1614386891,4000,5907679,358.13,0
1614386892,4000,5912536,273.49,0
1614386893,4000,5918542,215.61,0
1614386894,4000,5922644,263.14,0
1614386895,4000,5925691,493.59,0
1614386896,4000,5931534,468.89,0
1614386897,4000,5937441,213.39,0
1614386898,4000,5943327,180.96,0
1614386899,4000,5946965,368.94,0
1614386900,4000,5950800,556.75,0
1614386901,4000,5956255,352.10,0
1614386902,4000,5962074,195.23,0
1614386903,4000,5968068,184.22,0
1614386904,4000,5971513,297.13,0
1614386905,4000,5975360,603.83,0
1614386906,4000,5980958,391.24,0
1614386907,4000,5986592,192.04,0
1614386908,4000,5992299,194.32,0
1614386909,4000,5996354,263.22,0
1614386910,4000,6000778,555.76,0
1614386911,4000,6004850,491.37,0
1614386912,4000,6010002,289.17,0
1614386913,4000,6015903,219.31,0
1614386914,4000,6021630,196.15,0
1614386915,4000,6025265,385.99,0
1614386916,4000,6029231,566.24,0
1614386917,4000,6034196,418.40,0
1614386918,4000,6039837,226.72,0
1614386919,4000,6045662,194.18,0
1614386920,4000,6049827,244.43,0
1614386921,4000,6053645,508.77,0
1614386922,4000,6058224,507.19,0
1614386923,4000,6063632,297.28,0
1614386924,4000,6069212,207.70,0
1614386925,4000,6074956,208.08,0
1614386926,4000,6078948,320.96,0
1614386927,4000,6082835,594.93,0
1614386928,4050,6087922,441.12,0
1614386929,4050,6093173,203.96,0
1614386930,4050,6099054,213.61,0
1614386931,4050,6103283,213.62,0
1614386932,4050,6107328,607.80,0
1614386933,4050,6110871,524.13,0
1614386934,4050,6116199,421.79,0
1614386935,4050,6121854,235.93,0
1614386936,4050,6127211,227.87,0
1614386937,4050,6131803,283.41,0
1614386938,4050,6135673,574.13,0
1614386939,4050,6139821,461.39,0
1614386940,4050,6145478,275.82,0
1614386941,4050,6151428,203.20,0
1614386942,4050,6157153,190.67,0
1614386943,4050,6160866,416.04,0
1614386944,4050,6164526,552.19,0
1614386945,4050,6170290,333.86,0
1614386946,4050,6176356,197.42,0
1614386947,4050,6182233,196.53,0
1614386948,4050,6185745,418.18,0
1614386949,4050,6189552,597.64,0
1614386950,4050,6195441,274.39,0
1614386951,4050,6201267,195.85,0
1614386952,4050,6207091,197.46,0
1614386953,4050,6210399,467.09,0
1614386954,4050,6214558,518.20,0
1614386955,4050,6220247,343.43,0
1614386956,4050,6226055,213.46,0
1614386957,4050,6231794,185.56,0
1614386958,4050,6235675,316.49,0
1614386959,4050,6239562,560.03,0
1614386960,4050,6245214,399.83,0
1614386961,4050,6250576,213.01,0
1614386962,4050,6256734,180.72,0
1614386963,4050,6260342,268.22,0
1614386964,4050,6264419,520.08,0
1614386965,4050,6269544,462.72,0
1614386966,4050,6275460,238.37,0
1614386967,4050,6281183,202.40,0
1614386968,4050,6285506,228.76,0
1614386969,4050,6289582,575.01,0
1614386970,4050,6293587,462.95,0
1614386971,4050,6299456,265.55,0
1614386972,4050,6305410,203.93,0
1614386973,4050,6310811,186.90,0
1614386974,4050,6314797,479.10,0
1614386975,4050,6318487,507.59,0
1614386976,4050,6324063,354.43,0
1614386977,4050,6329663,216.52,0
1614386978,4050,6335737,199.31,0
1614386979,4050,6339162,400.86,0
1614386980,4050,6343038,614.16,0
1614386981,4050,6348606,347.04,0
1614386982,4050,6354326,210.38,0
1614386983,4050,6360365,181.71,0
1614386984,4050,6363469,390.10,0
1614386985,4050,6368131,502.96,0
1614386986,4050,6373494,393.56,0
1614386987,4050,6378950,215.88,0
1614386988,4100,6384607,207.00,0
1614386989,4100,6389045,238.79,0
1614386990,4100,6393359,550.75,0
1614386991,4100,6397792,501.05,0
1614386992,4100,6403225,248.54,0
1614386993,4100,6408909,210.58,0
1614386994,4100,6414466,220.94,0
1614386995,4100,6418287,483.73,0
1614386996,4100,6422230,550.28,0
1614386997,4100,6427650,315.86,0
1614386998,4100,6433606,231.07,0
1614386999,4100,6439421,199.25,0
1614387000,4100,6443250,406.21,0
1614387001,4100,6447174,530.15,0
1614387002,4100,6452643,388.09,0
1614387003,4100,6458538,207.20,0
1614387004,4100,6464131,207.31,0
1614387005,4100,6468059,250.78,0
1614387006,4100,6472461,563.20,0
1614387007,4100,6477221,488.52,0
1614387008,4100,6482951,226.13,0
1614387009,4100,6488704,205.72,0
1614387010,4100,6493508,200.94,0
1614387011,4100,6497528,503.38,0
1614387012,4100,6501643,524.99,0
1614387013,4100,6507171,339.14,0
1614387014,4100,6513015,223.19,0
1614387015,4100,6518800,215.59,0
1614387016,4100,6522824,298.33,0
1614387017,4100,6526919,545.30,0
1614387018,4100,6531062,525.72,0
1614387019,4100,6536743,250.42,0
1614387020,4100,6542922,227.45,0
1614387021,4100,6547794,207.61,0
1614387022,4100,6551994,484.88,0
1614387023,4100,6555652,592.02,0
1614387024,4100,6561696,289.61,0
1614387025,4100,6567230,227.86,0
1614387026,4100,6572981,211.69,0
1614387027,4100,6576583,416.44,0
1614387028,4100,6581121,480.47,0
1614387029,4100,6586230,464.86,0
1614387030,4100,6591777,230.72,0
1614387031,4100,6597442,222.90,0
1614387032,4100,6602189,233.68,0
1614387033,4100,6605649,520.05,0
1614387034,4100,6609861,540.68,0
1614387035,4100,6615987,277.88,0
1614387036,4100,6621499,210.46,0
1614387037,4100,6627520,211.91,0
1614387038,4100,6630888,402.67,0
1614387039,4100,6635359,529.34,0
1614387040,4100,6640533,432.70,0
1614387041,4100,6645979,216.10,0
1614387042,4100,6651830,193.71,0
1614387043,4100,6656830,208.76,0
1614387044,4100,6660812,531.70,0
1614387045,4100,6664719,539.80,0
1614387046,4100,6670416,271.13,0
1614387047,4100,6676477,219.96,0
1614387048,4150,6682094,210.88,0
1614387049,4150,6685844,468.46,0
1614387050,4150,6690009,570.56,0
1614387051,4150,6695294,363.81,0
1614387052,4150,6700796,244.14,0
1614387053,4150,6706585,224.71,0
1614387054,4150,6710859,269.86,0
1614387055,4150,6715119,568.14,0
1614387056,4150,6719706,514.36,0
1614387057,4150,6725445,221.53,0
1614387058,4150,6730998,216.91,0
1614387059,4150,6736471,220.48,0
1614387060,4150,6739911,522.01,0
1614387061,4150,6744188,528.80,0
1614387062,4150,6750185,282.91,0
1614387063,4150,6756003,222.24,0
1614387064,4150,6761390,213.07,0
1614387065,4150,6765118,463.09,0
1614387066,4150,6768980,607.09,0
1614387067,4150,6774943,331.55,0
1614387068,4150,6780404,218.06,0
1614387069,4150,6786427,218.99,0
1614387070,4150,6789884,365.70,0
1614387071,4150,6793096,797.34,0
1614387072,4150,6799199,316.49,0
1614387073,4150,6804941,213.96,0
1614387074,4150,6810471,221.82,0
1614387075,4150,6814206,454.23,0
1614387076,4150,6817849,550.66,0
1614387077,4150,6823985,398.17,0
1614387078,4150,6829262,232.41,0
1614387079,4150,6835056,202.33,0
1614387080,4150,6839228,338.79,0
1614387081,4150,6843607,545.05,0
1614387082,4150,6847942,481.40,0
1614387083,4150,6853879,231.27,0
1614387084,4150,6860008,215.75,0
1614387085,4150,6864593,234.37,0
1614387086,4150,6869042,545.91,0
1614387087,4150,6872393,514.11,0
1614387088,4150,6878501,326.05,0
1614387089,4150,6884114,233.32,0
1614387090,4150,6889882,215.85,0
1614387091,4150,6893886,345.48,0
1614387092,4150,6897532,518.24,0
1614387093,4150,6903005,524.57,0
1614387094,4150,6908632,253.88,0
1614387095,4150,6914070,217.44,0
1614387096,4150,6918645,206.56,0
1614387097,4150,6922904,534.84,0
1614387098,4150,6927026,577.81,0
1614387099,4150,6932901,254.39,0
1614387100,4150,6938671,203.93,0
1614387101,4150,6944195,230.00,0
1614387102,4150,6947968,465.53,0
1614387103,4150,6952069,557.02,0
1614387104,4150,6957431,407.50,0
1614387105,4150,6962969,232.66,0
1614387106,4150,6968698,219.25,0
1614387107,4150,6972080,271.78,0
1614387108,4200,6976175,626.41,0
1614387109,4200,6981584,483.08,0
1614387110,4200,6987090,239.05,0
1614387111,4200,6993213,222.76,0
1614387112,4200,6998063,237.37,0
1614387113,4200,7001385,622.95,0
1614387114,4200,7005606,584.57,0
1614387115,4200,7011532,274.38,0
1614387116,4200,7017363,226.68,0
1614387117,4200,7022728,218.70,0
1614387118,4200,7026918,490.16,0
1614387119,4200,7030968,515.58,0
1614387120,4200,7036335,410.33,0
1614387121,4200,7041882,232.10,0
1614387122,4200,7047561,211.23,0
1614387123,4200,7052191,284.02,0
1614387124,4200,7055891,617.00,0
1614387125,4200,7060435,498.16,0
1614387126,4200,7066380,269.50,0
1614387127,4200,7072015,229.87,0
1614387128,4200,7077855,222.59,0
1614387129,4200,7081139,444.48,0
1614387130,4200,7085557,615.06,0
1614387131,4200,7090491,429.07,0
1614387132,4200,7096428,246.01,0
1614387133,4200,7102026,229.04,0
1614387134,4200,7106312,306.79,0
1614387135,4200,7110667,570.66,0
1614387136,4200,7114496,523.51,0
1614387137,4200,7120309,283.28,0
1614387138,4200,7126335,222.90,0
1614387139,4200,7131334,245.32,0
1614387140,4200,7134136,619.42,0
1614387141,4200,7137018,970.08,0
1614387142,4200,7142247,668.74,0
1614387143,4200,7147747,224.80,0
1614387144,4200,7153510,223.05,0
1614387145,4200,7156790,368.21,0
1614387146,4200,7160627,613.86,0
1614387147,4200,7166382,446.47,0
1614387148,4200,7172082,224.30,0
1614387149,4200,7177840,217.58,0
1614387150,4200,7182142,332.43,0
1614387151,4200,7185853,618.83,0
1614387152,4200,7191165,466.95,0
1614387153,4200,7196818,228.47,0
1614387154,4200,7202616,210.57,0
1614387155,4200,7206453,285.15,0
1614387156,4200,7210654,560.06,0
1614387157,4200,7215224,565.50,0
1614387158,4200,7221294,223.56,0
1614387159,4200,7226922,228.33,0
1614387160,4200,7231779,258.15,0
1614387161,4200,7235681,553.38,0
1614387162,4200,7239683,579.16,0
1614387163,4200,7245023,318.68,0
1614387164,4200,7251280,236.97,0
1614387165,4200,7256698,231.80,0
1614387166,4200,7260254,505.29,0
1614387167,4200,7264239,613.65,0
1614387168,4300,7269989,333.85,0
1614387169,4300,7275810,252.74,0
1614387170,4300,7281292,254.20,0
1614387171,4300,7285087,496.10,0
1614387172,4300,7288825,644.58,0
1614387173,4300,7294669,389.93,0
1614387174,4300,7300378,244.90,0
1614387175,4300,7305859,233.96,0
1614387176,4300,7310149,300.86,0
1614387177,4300,7314342,615.58,0
1614387178,4300,7318954,492.46,0
1614387179,4300,7324742,281.87,0
1614387180,4300,7330595,242.43,0
1614387181,4300,7336055,259.09,0
1614387182,4300,7339833,504.66,0
1614387183,4300,7343635,568.97,0
1614387184,4300,7349137,436.84,0
1614387185,4300,7354682,262.30,0
1614387186,4300,7360557,255.73,0
1614387187,4300,7365128,325.60,0
1614387188,4300,7368921,598.28,0
1614387189,4300,7373547,522.90,0
1614387190,4300,7379256,263.59,0
1614387191,4300,7385148,260.40,0
1614387192,4300,7389971,268.35,0
1614387193,4300,7393985,569.33,0
1614387194,4300,7398057,631.44,0
1614387195,4300,7403583,304.20,0
1614387196,4300,7409344,245.02,0
1614387197,4300,7414794,260.09,0
1614387198,4300,7418679,474.54,0
1614387199,4300,7422604,628.95,0
1614387200,4300,7428139,361.67,0
1614387201,4300,7434167,242.95,0
1614387202,4300,7439641,248.73,0
1614387203,4300,7443669,471.71,0
1614387204,4300,7447153,626.63,0
1614387205,4300,7453192,377.34,0
1614387206,4300,7458885,244.53,0
1614387207,4300,7464607,249.65,0
1614387208,4300,7468123,394.14,0
1614387209,4300,7472018,679.96,0
1614387210,4300,7477367,444.75,0
1614387211,4300,7483420,236.15,0
1614387212,4300,7488877,247.65,0
1614387213,4300,7492824,300.04,0
1614387214,4300,7497422,600.08,0
1614387215,4300,7501689,506.98,0
1614387216,4300,7507948,249.18,0
1614387217,4300,7513631,241.67,0
1614387218,4300,7518601,258.89,0
1614387219,4300,7522690,524.78,0
1614387220,4300,7526239,698.80,0
1614387221,4300,7532498,279.95,0
1614387222,4300,7538372,237.11,0
1614387223,4300,7542995,290.03,0
1614387224,4300,7547001,572.37,0
1614387225,4300,7550773,602.02,0
1614387226,4300,7556916,310.31,0
1614387227,4300,7562356,270.39,0
1614387228,4400,7567847,272.09,0
1614387229,4400,7571751,582.29,0
1614387230,4400,7575503,557.83,0
1614387231,4400,7581278,447.36,0
1614387232,4400,7586948,274.21,0
1614387233,4400,7592314,299.93,0
1614387234,4400,7596549,397.32,0
1614387235,4400,7599995,613.52,0
1614387236,4400,7605616,566.12,0
1614387237,4400,7611136,252.05,0
1614387238,4400,7616212,305.42,0
1614387239,4400,7620673,323.10,0
1614387240,4400,7624776,602.63,0
1614387241,4400,7628602,639.87,0
1614387242,4400,7634449,403.74,0
1614387243,4400,7639813,308.35,0
1614387244,4400,7645730,265.61,0
1614387245,4400,7649926,378.85,0
1614387246,4400,7654149,603.11,0
1614387247,4400,7658234,611.62,0
1614387248,4400,7663626,294.34,0
1614387249,4400,7669552,289.68,0
1614387250,4400,7675066,263.92,0
1614387251,4400,7678841,479.54,0
1614387252,4400,7682574,729.58,0
1614387253,4400,7688361,388.71,0
1614387254,4400,7694140,267.47,0
1614387255,4400,7699863,273.49,0
1614387256,4400,7703228,494.52,0
1614387257,4400,7707121,619.84,0
1614387258,4400,7712978,466.85,0
1614387259,4400,7718761,264.71,0
1614387260,4400,7724237,266.35,0
1614387261,4400,7728047,403.75,0
1614387262,4400,7732435,593.02,0
1614387263,4400,7737536,507.49,0
1614387264,4400,7743336,256.37,0
1614387265,4400,7748934,251.11,0
1614387266,4400,7753500,356.05,0
1614387267,4400,7757348,597.56,0
1614387268,4400,7761848,566.33,0
1614387269,4400,7767653,286.83,0
1614387270,4400,7773665,262.70,0
1614387271,4400,7778655,299.46,0
1614387272,4400,7782666,580.63,0
1614387273,4400,7786561,601.75,0
1614387274,4400,7792630,287.38,0
1614387275,4400,7798675,250.36,0
1614387276,4400,7803826,282.09,0
