Seconds,Workers,Queries,Latency,Errors
1614379503,5,10,105.10,0
1614379504,5,20,101.30,0
1614379505,5,25,111.00,0
1614379506,5,35,102.40,0
1614379507,5,45,106.40,0
1614379508,5,50,108.00,0
1614379509,5,60,102.80,0
1614379510,5,70,104.70,0
1614379511,5,75,100.80,0
1614379512,5,85,104.60,0
1614379513,5,93,103.50,0
1614379514,5,100,102.20,0
1614379515,5,110,104.50,0
1614379516,5,115,113.20,0
1614379517,5,125,105.83,0
1614379518,5,135,107.30,0
1614379519,5,140,110.80,0
1614379520,5,150,101.00,0
1614379521,5,160,106.70,0
1614379522,5,165,106.20,0
1614379523,5,175,100.50,0
1614379524,5,185,104.60,0
1614379525,5,190,102.00,0
1614379526,5,200,103.90,0
1614379527,5,210,101.90,0
1614379528,5,215,105.40,0
1614379529,5,225,101.80,0
1614379530,5,235,105.50,0
1614379531,5,240,101.80,0
1614379532,5,250,102.50,0
1614379533,5,260,100.80,0
1614379534,5,265,102.40,0
1614379535,5,275,102.60,0
1614379536,5,284,104.00,0
1614379537,5,290,104.60,0
1614379538,5,300,100.40,0
1614379539,5,308,101.62,0
1614379540,5,315,104.40,0
1614379541,5,325,107.40,0
1614379542,5,333,100.00,0
1614379543,5,340,110.00,0
1614379544,5,350,101.60,0
1614379545,5,358,102.12,0
1614379546,5,365,105.29,0
1614379547,5,375,103.30,0
1614379548,5,381,101.86,0
1614379549,5,390,108.86,0
1614379550,5,400,104.20,0
1614379551,5,405,99.20,0
1614379552,5,415,102.67,0
1614379553,5,425,102.70,0
1614379554,5,430,105.00,0
1614379555,5,440,106.22,0
1614379556,5,450,109.60,0
1614379557,5,455,103.20,0
1614379558,5,465,106.10,0
1614379559,5,474,103.56,0
1614379560,5,480,99.80,0
1614379561,5,490,103.20,0
1614379562,5,498,106.38,0
1614379563,5,505,99.00,0
1614379564,5,515,108.20,0
1614379565,5,523,109.00,0
1614379566,5,530,101.57,0
1614379567,5,540,105.10,0
1614379568,5,547,103.00,0
1614379569,5,555,103.43,0
1614379570,5,565,103.30,0
1614379571,5,572,100.86,0
1614379572,5,580,104.57,0
1614379573,5,590,103.30,0
1614379574,5,597,101.29,0
1614379575,5,605,101.75,0
1614379576,5,615,102.70,0
1614379577,5,620,108.60,0
1614379578,5,630,107.00,0
1614379579,5,640,102.50,0
1614379580,5,646,102.00,0
1614379581,5,655,101.67,0
1614379582,5,665,102.40,0
1614379583,5,670,102.40,0
1614379584,5,680,104.33,0
1614379585,5,689,101.22,0
1614379586,5,695,101.80,0
1614379587,5,705,104.80,0
1614379588,5,714,99.89,0
1614379589,5,720,103.20,0
1614379590,5,730,102.60,0
1614379591,5,738,109.88,0
1614379592,5,745,104.33,0
1614379593,5,755,104.30,0
1614379594,5,763,104.38,0
1614379595,5,770,101.50,0
1614379596,5,780,103.20,0
1614379597,5,788,105.00,0
1614379598,5,795,102.57,0
1614379599,5,805,108.00,0
1614379600,5,812,107.00,0
1614379601,5,820,110.00,0
1614379602,10,830,109.50,0
1614379603,10,846,104.81,0
1614379604,10,865,101.17,0
1614379605,10,880,102.13,0
1614379606,10,895,104.73,0
1614379607,10,915,101.56,0
1614379608,10,930,102.20,0
1614379609,10,945,101.47,0
1614379610,10,965,106.11,0
1614379611,10,979,103.21,0
1614379612,10,995,103.25,0
1614379613,10,1015,105.90,0
1614379614,10,1028,103.77,0
1614379615,10,1045,104.06,0
1614379616,10,1063,103.83,0
1614379617,10,1078,103.08,0
1614379618,10,1095,106.76,0
1614379619,10,1111,105.00,0
1614379620,10,1128,104.93,0
1614379621,10,1145,103.12,0
1614379622,10,1161,100.38,0
1614379623,10,1178,101.06,0
1614379624,10,1195,102.94,0
1614379625,10,1210,106.47,0
1614379626,10,1228,109.59,0
1614379627,10,1245,103.47,0
1614379628,10,1259,104.36,0
1614379629,10,1277,102.76,0
1614379630,10,1294,105.94,0
1614379631,10,1309,103.86,0
1614379632,10,1327,104.35,0
1614379633,10,1344,102.65,0
1614379634,10,1359,104.27,0
1614379635,10,1377,102.56,0
1614379636,10,1394,100.29,0
1614379637,10,1409,104.73,0
1614379638,10,1426,104.82,0
1614379639,10,1444,106.28,0
1614379640,10,1458,103.93,0
1614379641,10,1475,104.76,0
1614379642,10,1493,103.76,0
1614379643,10,1508,103.50,0
1614379644,10,1525,104.65,0
1614379645,10,1543,102.17,0
1614379646,10,1558,101.93,0
1614379647,10,1575,102.76,0
1614379648,10,1592,105.18,0
1614379649,10,1608,105.20,0
1614379650,10,1625,107.35,0
1614379651,10,1642,103.24,0
1614379652,10,1658,105.44,0
1614379653,10,1675,101.94,0
1614379654,10,1691,104.69,0
1614379655,10,1707,102.73,0
1614379656,10,1724,105.35,0
1614379657,10,1740,105.12,0
1614379658,10,1756,101.12,0
1614379659,10,1774,105.47,0
1614379660,10,1790,102.62,0
1614379661,10,1806,104.38,0
1614379662,10,1824,102.72,0
1614379663,10,1840,102.50,0
1614379664,10,1856,104.00,0
1614379665,10,1874,103.72,0
1614379666,10,1888,106.14,0
1614379667,10,1905,106.31,0
1614379668,10,1924,102.68,0
1614379669,10,1938,105.07,0
1614379670,10,1955,101.24,0
1614379671,10,1972,103.76,0
1614379672,10,1988,102.20,0
1614379673,10,2005,105.88,0
1614379674,10,2022,103.59,0
1614379675,10,2037,104.40,0
1614379676,10,2055,105.28,0
1614379677,10,2071,105.94,0
1614379678,10,2087,103.20,0
1614379679,10,2105,102.67,0
1614379680,10,2121,100.56,0
1614379681,10,2137,103.75,0
1614379682,10,2155,102.33,0
1614379683,10,2170,101.20,0
1614379684,10,2186,103.33,0
1614379685,10,2205,101.89,0
1614379686,10,2220,102.47,0
1614379687,10,2235,101.40,0
1614379688,10,2255,105.05,0
1614379689,10,2269,105.36,0
1614379690,10,2285,106.50,0
1614379691,10,2304,104.95,0
1614379692,10,2319,103.60,0
1614379693,10,2335,103.12,0
1614379694,10,2354,106.21,0
1614379695,10,2368,101.07,0
1614379696,10,2385,104.53,0
1614379697,10,2404,104.68,0
1614379698,10,2418,102.43,0
1614379699,10,2435,103.59,0
1614379700,10,2454,104.16,0
1614379701,10,2468,102.86,0
1614379702,700,2484,106.06,0
1614379703,700,3882,136.25,0
1614379704,700,4858,110.29,0
1614379705,700,5984,107.18,0
1614379706,700,7381,105.64,0
1614379707,700,8256,104.81,0
1614379708,700,9484,104.89,0
1614379709,700,10881,104.66,0
1614379710,700,11682,104.48,0
1614379711,700,12984,104.50,0
1614379712,700,14376,104.37,0
1614379713,700,15148,103.87,0
1614379714,700,16484,126.51,0
1614379715,700,17653,104.33,0
1614379716,700,18623,103.50,0
1614379717,700,19983,103.83,0
1614379718,700,21128,103.69,0
1614379719,700,22101,103.59,0
1614379720,700,23474,104.10,0
1614379721,700,24581,103.55,0
1614379722,700,25590,103.86,0
1614379723,700,26953,103.65,0
1614379724,700,28049,103.81,0
1614379725,700,29086,103.88,0
1614379726,700,30434,103.89,0
1614379727,700,31507,103.63,0
1614379728,700,32584,104.17,0
1614379729,700,33768,128.73,0
1614379730,700,34924,104.12,0
1614379731,700,36084,103.44,0
1614379732,700,37248,103.91,0
1614379733,700,38361,103.62,0
1614379734,700,39576,103.76,0
1614379735,700,40727,103.88,0
1614379736,700,41825,103.41,0
1614379737,700,43057,103.15,0
1614379738,700,44211,103.74,0
1614379739,700,45289,102.88,0
1614379740,700,46541,103.11,0
1614379741,700,47700,103.19,0
1614379742,700,48761,103.18,0
1614379743,700,50012,103.54,0
1614379744,700,51186,105.78,0
1614379745,700,52235,103.18,0
1614379746,700,53485,103.32,0
1614379747,700,54660,103.25,0
1614379748,700,55722,102.89,0
1614379749,700,56959,102.90,0
1614379750,700,58136,102.72,0
1614379751,700,59215,103.19,0
1614379752,700,60440,102.93,0
1614379753,700,61597,103.14,0
1614379754,700,62703,102.96,0
1614379755,700,63923,102.65,0
1614379756,700,65056,103.00,0
1614379757,700,66198,103.34,0
1614379758,700,67408,103.59,0
1614379759,700,68517,103.87,0
1614379760,700,69690,103.16,0
1614379761,700,70894,102.57,0
1614379762,700,71981,103.20,0
1614379763,700,73176,103.29,0
1614379764,700,74379,103.42,0
1614379765,700,75438,103.60,0
1614379766,700,76663,104.01,0
1614379767,700,77851,104.11,0
1614379768,700,78913,103.56,0
1614379769,700,80142,103.13,0
1614379770,700,81323,104.21,0
1614379771,700,82396,104.22,0
1614379772,700,83623,103.75,0
1614379773,700,84637,108.18,0
1614379774,700,85704,215.53,0
1614379775,700,86876,103.86,0
1614379776,700,88032,102.83,0
1614379777,700,89187,103.48,0
1614379778,700,90356,103.17,0
1614379779,700,91487,103.23,0
1614379780,700,92671,103.31,0
1614379781,700,93837,103.51,0
1614379782,700,94950,103.23,0
1614379783,700,96148,103.21,0
1614379784,700,97320,103.04,0
1614379785,700,98426,102.79,0
1614379786,700,99631,103.02,0
1614379787,700,100808,103.07,0
1614379788,700,101903,105.94,0
1614379789,700,103118,103.08,0
1614379790,700,104287,103.03,0
1614379791,700,105390,103.41,0
1614379792,700,106592,103.17,0
1614379793,700,107766,103.10,0
1614379794,700,108875,103.28,0
1614379795,700,110076,103.40,0
1614379796,700,111232,102.82,0
1614379797,700,112363,102.98,0
1614379798,700,113556,102.93,0
1614379799,700,114707,103.20,0
1614379800,700,115854,102.99,0
1614379801,700,117035,103.27,0
1614379802,1300,118166,102.76,0
1614379803,1300,118968,589.48,0
1614379804,1300,120762,526.10,0
1614379805,1300,122984,119.33,0
1614379806,1300,125095,107.25,0
1614379807,1300,127190,108.20,0
1614379808,1300,129483,106.33,0
1614379809,1300,131411,105.28,0
1614379810,1300,133558,107.69,0
1614379811,1300,135974,105.34,0
1614379812,1300,137830,138.38,0
1614379813,1300,139970,104.76,0
1614379814,1300,142072,103.44,0
1614379815,1300,144280,103.51,0
1614379816,1300,146435,103.46,0
1614379817,1300,148531,103.61,0
1614379818,1300,150751,103.45,0
1614379819,1300,152899,103.32,0
1614379820,1300,155000,103.42,0
1614379821,1300,157201,104.33,0
1614379822,1300,159354,103.66,0
1614379823,1300,161466,103.56,0
1614379824,1300,163656,103.85,0
1614379825,1300,165807,103.13,0
1614379826,1300,167940,102.85,0
1614379827,1300,170113,103.26,0
1614379828,1300,172253,103.24,0
1614379829,1300,174403,103.66,0
1614379830,1300,176575,104.39,0
1614379831,1300,178706,103.23,0
1614379832,1300,180865,102.94,0
1614379833,1300,183018,103.22,0
1614379834,1300,185161,103.31,0
1614379835,1300,187328,103.43,0
1614379836,1300,189470,103.34,0
1614379837,1300,191605,103.48,0
1614379838,1300,193784,104.54,0
1614379839,1300,195927,103.59,0
1614379840,1300,198040,104.00,0
1614379841,1300,200244,103.97,0
1614379842,1300,202383,103.88,0
1614379843,1300,204494,103.99,0
1614379844,1300,206689,103.96,0
1614379845,1300,208844,103.59,0
1614379846,1300,210964,103.63,0
1614379847,1300,213130,105.04,0
1614379848,1300,215278,103.62,0
1614379849,1300,217423,103.30,0
1614379850,1300,219587,103.53,0
1614379851,1300,221742,103.22,0
1614379852,1300,223891,103.22,0
1614379853,1300,226050,103.16,0
1614379854,1300,228196,103.34,0
1614379855,1300,230267,111.46,0
1614379856,1300,232324,138.78,0
1614379857,1300,234513,103.39,0
1614379858,1300,236665,103.76,0
1614379859,1300,238793,104.10,0
1614379860,1300,240982,103.91,0
1614379861,1300,243112,104.33,0
1614379862,1300,245247,104.34,0
1614379863,1300,247442,103.58,0
1614379864,1300,249517,106.07,0
1614379865,1300,251705,103.79,0
1614379866,1300,253888,103.19,0
1614379867,1300,255976,103.42,0
1614379868,1300,258170,103.28,0
1614379869,1300,260333,103.20,0
1614379870,1300,262431,102.90,0
1614379871,1300,264639,103.12,0
1614379872,1300,266783,103.60,0
1614379873,1300,268888,104.25,0
1614379874,1300,271083,103.82,0
1614379875,1300,273221,104.84,0
1614379876,1300,275348,103.86,0
1614379877,1300,277539,103.44,0
1614379878,1300,279668,104.78,0
1614379879,1300,281806,104.80,0
1614379880,1300,283975,104.56,0
1614379881,1300,286118,103.71,0
1614379882,1300,288270,103.57,0
1614379883,1300,290434,102.97,0
1614379884,1300,292569,103.64,0
1614379885,1300,294730,103.19,0
1614379886,1300,296900,103.57,0
1614379887,1300,299003,103.27,0
1614379888,1300,301189,103.16,0
1614379889,1300,303364,102.93,0
1614379890,1300,305460,103.94,0
1614379891,1300,307656,103.33,0
1614379892,1300,309817,102.76,0
1614379893,1300,311928,103.26,0
1614379894,1300,314126,103.16,0
1614379895,1300,316282,103.02,0
1614379896,1300,318382,102.82,0
1614379897,1300,320586,103.16,0
1614379898,1300,322729,104.13,0
1614379899,1300,324848,104.02,0
1614379900,1300,327030,103.16,0
1614379901,1300,329177,102.98,0
1614379902,2000,331309,102.80,0
1614379903,2000,334894,144.30,0
1614379904,2000,337791,115.27,0
1614379905,2000,341268,116.89,0
1614379906,2000,343822,248.83,0
1614379907,2000,346862,127.12,0
1614379908,2000,350458,108.80,0
1614379909,2000,353573,105.69,0
1614379910,2000,356817,105.62,0
1614379911,2000,360423,105.47,0
1614379912,2000,362766,184.65,0
1614379913,2000,365999,202.82,0
1614379914,2000,369304,105.81,0
1614379915,2000,372732,105.93,0
1614379916,2000,375907,105.40,0
1614379917,2000,379123,104.91,0
1614379918,2000,382530,110.54,0
1614379919,2000,385735,111.25,0
1614379920,2000,389000,106.03,0
1614379921,2000,392379,104.23,0
1614379922,2000,395623,104.01,0
1614379923,2000,398962,104.12,0
1614379924,2000,402323,104.15,0
1614379925,2000,405537,109.21,0
1614379926,2000,408863,109.62,0
1614379927,2000,412113,106.29,0
1614379928,2000,415432,103.48,0
1614379929,2000,418767,104.09,0
1614379930,2000,422046,104.70,0
1614379931,2000,425335,104.56,0
1614379932,2000,428644,105.00,0
1614379933,2000,431909,109.83,0
1614379934,2000,435239,107.57,0
1614379935,2000,438540,104.09,0
1614379936,2000,441851,104.23,0
1614379937,2000,445171,103.72,0
1614379938,2000,448453,103.77,0
1614379939,2000,451762,103.93,0
1614379940,2000,455037,107.17,0
1614379941,2000,458335,106.01,0
1614379942,2000,461682,104.39,0
1614379943,2000,464976,103.74,0
1614379944,2000,468268,103.43,0
1614379945,2000,471628,103.84,0
1614379946,2000,474906,103.69,0
1614379947,2000,478178,105.28,0
1614379948,2000,481442,120.08,0
1614379949,2000,484645,106.65,0
1614379950,2000,488101,105.49,0
1614379951,2000,491291,104.53,0
1614379952,2000,494610,105.25,0
1614379953,2000,497986,104.85,0
1614379954,2000,501163,112.64,0
1614379955,2000,504525,111.14,0
1614379956,2000,507733,105.17,0
1614379957,2000,511092,104.30,0
1614379958,2000,514398,104.02,0
1614379959,2000,517686,104.14,0
1614379960,2000,521026,104.20,0
1614379961,2000,524291,105.02,0
1614379962,2000,527611,104.95,0
1614379963,2000,530922,104.73,0
1614379964,2000,534213,103.65,0
1614379965,2000,537542,103.59,0
1614379966,2000,540839,103.88,0
1614379967,2000,544120,104.99,0
1614379968,2000,547465,106.52,0
1614379969,2000,550738,105.99,0
1614379970,2000,554016,105.45,0
1614379971,2000,557376,103.97,0
1614379972,2000,560648,103.82,0
1614379973,2000,563945,103.96,0
1614379974,2000,567283,103.72,0
1614379975,2000,570585,104.27,0
1614379976,2000,573864,108.41,0
1614379977,2000,577002,122.56,0
1614379978,2000,580323,104.96,0
1614379979,2000,583799,104.53,0
1614379980,2000,586891,104.40,0
1614379981,2000,590294,107.70,0
1614379982,2000,593606,105.92,0
1614379983,2000,596734,121.49,0
1614379984,2000,599930,131.93,0
1614379985,2000,603224,107.75,0
1614379986,2000,606551,104.81,0
1614379987,2000,609900,104.38,0
1614379988,2000,613124,104.00,0
1614379989,2000,616447,104.28,0
1614379990,2000,619738,110.35,0
1614379991,2000,623029,105.84,0
1614379992,2000,626335,104.38,0
1614379993,2000,629635,104.44,0
1614379994,2000,632952,103.85,0
1614379995,2000,636277,104.31,0
1614379996,2000,639555,103.89,0
1614379997,2000,642881,105.15,0
1614379998,2000,646199,105.79,0
1614379999,2000,649462,104.22,0
1614380000,2000,652803,104.08,0
1614380001,2000,656120,103.74,0
1614380002,2200,659328,103.46,0
1614380003,2200,663135,107.25,0
1614380004,2200,666464,148.04,0
1614380005,2200,670110,114.99,0
1614380006,2200,673669,107.45,0
1614380007,2200,677382,104.47,0
1614380008,2200,681002,104.27,0
1614380009,2200,684625,103.91,0
1614380010,2200,688318,104.18,0
1614380011,2200,691811,119.04,0
1614380012,2200,695108,124.40,0
1614380013,2200,698822,137.02,0
1614380014,2200,702421,106.20,0
1614380015,2200,706057,105.47,0
1614380016,2200,709666,105.81,0
1614380017,2200,713205,105.04,0
1614380018,2200,716773,122.09,0
1614380019,2200,720419,116.80,0
1614380020,2200,723950,119.06,0
1614380021,2200,727622,105.27,0
1614380022,2200,731177,104.15,0
1614380023,2200,734888,104.14,0
1614380024,2200,738534,104.42,0
1614380025,2200,742105,112.85,0
1614380026,2200,745654,111.51,0
1614380027,2200,749286,112.22,0
1614380028,2200,752860,104.19,0
1614380029,2200,756544,104.00,0
1614380030,2200,760213,104.88,0
1614380031,2200,763798,104.18,0
1614380032,2200,767458,108.60,0
1614380033,2200,771043,107.91,0
1614380034,2200,774710,109.05,0
1614380035,2200,778304,104.52,0
1614380036,2200,781929,104.27,0
1614380037,2200,785601,105.15,0
1614380038,2200,789212,104.19,0
1614380039,2200,792868,106.84,0
1614380040,2200,796477,106.72,0
1614380041,2200,800110,106.97,0
1614380042,2200,803741,106.21,0
1614380043,2200,807350,104.45,0
1614380044,2200,811010,103.91,0
1614380045,2200,814661,104.52,0
1614380046,2200,818248,104.32,0
1614380047,2200,821906,107.65,0
1614380048,2200,825488,107.54,0
1614380049,2200,829152,105.56,0
1614380050,2200,832768,104.58,0
1614380051,2200,836395,106.08,0
1614380052,2200,840035,105.53,0
1614380053,2200,843701,104.80,0
1614380054,2200,847179,122.31,0
1614380055,2200,850640,119.15,0
1614380056,2200,854290,129.61,0
1614380057,2200,857772,105.23,0
1614380058,2200,861536,105.17,0
1614380059,2200,865180,104.62,0
1614380060,2200,868693,104.51,0
1614380061,2200,872374,108.96,0
1614380062,2200,875946,117.33,0
1614380063,2200,879502,112.94,0
1614380064,2200,883099,104.03,0
1614380065,2200,886814,104.68,0
1614380066,2200,890397,103.98,0
1614380067,2200,894029,104.07,0
1614380068,2200,897602,109.83,0
1614380069,2200,901225,113.24,0
1614380070,2200,904817,108.86,0
1614380071,2200,908445,104.67,0
1614380072,2200,912140,103.98,0
1614380073,2200,915735,103.95,0
1614380074,2200,919379,103.79,0
1614380075,2200,922971,109.79,0
1614380076,2200,926459,119.59,0
1614380077,2200,930081,119.31,0
1614380078,2200,933720,106.05,0
1614380079,2200,937374,104.51,0
1614380080,2200,940976,103.91,0
1614380081,2200,944617,104.90,0
1614380082,2200,948235,105.21,0
1614380083,2200,951872,109.03,0
1614380084,2200,955478,106.73,0
1614380085,2200,959111,104.69,0
1614380086,2200,962707,105.23,0
1614380087,2200,966385,104.03,0
1614380088,2200,970067,104.08,0
1614380089,2200,973664,103.73,0
1614380090,2200,977313,108.64,0
1614380091,2200,980883,108.21,0
1614380092,2200,984565,106.02,0
1614380093,2200,988152,104.70,0
1614380094,2200,991811,104.73,0
1614380095,2200,995491,104.03,0
1614380096,2200,999069,103.92,0
1614380097,2200,1002706,107.65,0
1614380098,2200,1006345,107.43,0
1614380099,2200,1009936,105.61,0
1614380100,2200,1013625,103.59,0
1614380101,2200,1017216,104.03,0
1614380102,2400,1020995,105.20,0
1614380103,2400,1024948,104.98,0
1614380104,2400,1028599,145.91,0
1614380105,2400,1032082,167.13,0
1614380106,2400,1036139,134.53,0
1614380107,2400,1039993,105.21,0
1614380108,2400,1043884,104.89,0
1614380109,2400,1048021,105.32,0
1614380110,2400,1051783,108.99,0
1614380111,2400,1055363,151.38,0
1614380112,2400,1059126,166.57,0
1614380113,2400,1063079,109.29,0
1614380114,2400,1067003,105.60,0
1614380115,2400,1071058,105.32,0
1614380116,2400,1075031,105.43,0
1614380117,2400,1078739,135.26,0
1614380118,2400,1082513,133.38,0
1614380119,2400,1086381,116.35,0
1614380120,2400,1090422,105.86,0
1614380121,2400,1094380,104.87,0
1614380122,2400,1098235,105.12,0
1614380123,2400,1102323,105.63,0
1614380124,2400,1105843,131.59,0
1614380125,2400,1109567,156.37,0
1614380126,2400,1113152,169.07,0
1614380127,2400,1116898,151.66,0
1614380128,2400,1120900,106.74,0
1614380129,2400,1124982,106.30,0
1614380130,2400,1128765,104.90,0
1614380131,2400,1132800,106.25,0
1614380132,2400,1136593,128.27,0
1614380133,2400,1140403,127.94,0
1614380134,2400,1144358,112.14,0
1614380135,2400,1148324,104.05,0
1614380136,2400,1152286,104.03,0
1614380137,2400,1156252,104.61,0
1614380138,2400,1160166,104.68,0
1614380139,2400,1164018,123.38,0
1614380140,2400,1167740,132.33,0
1614380141,2400,1171681,134.09,0
1614380142,2400,1175554,105.14,0
1614380143,2400,1179486,105.48,0
1614380144,2400,1183517,104.74,0
1614380145,2400,1187394,106.92,0
1614380146,2400,1191161,132.74,0
1614380147,2400,1194931,127.66,0
1614380148,2400,1198964,126.09,0
1614380149,2400,1202820,104.40,0
1614380150,2400,1206877,104.33,0
1614380151,2400,1210830,104.15,0
1614380152,2400,1214638,105.96,0
1614380153,2400,1218452,141.33,0
1614380154,2400,1222129,148.19,0
1614380155,2400,1226103,115.31,0
1614380156,2400,1230051,104.29,0
1614380157,2400,1234041,104.42,0
1614380158,2400,1237984,104.35,0
1614380159,2400,1241930,106.46,0
1614380160,2400,1245760,125.97,0
1614380161,2400,1249573,138.28,0
1614380162,2400,1253410,109.82,0
1614380163,2400,1257452,104.31,0
1614380164,2400,1261466,105.09,0
1614380165,2400,1265320,105.28,0
1614380166,2400,1269081,114.58,0
1614380167,2400,1272700,171.54,0
1614380168,2400,1276301,170.81,0
1614380169,2400,1280162,133.60,0
1614380170,2400,1284140,105.18,0
1614380171,2400,1288175,104.83,0
1614380172,2400,1292037,104.33,0
1614380173,2400,1295987,111.76,0
1614380174,2400,1299853,118.45,0
1614380175,2400,1303786,112.87,0
1614380176,2400,1307727,107.11,0
1614380177,2400,1311721,103.88,0
1614380178,2400,1315667,104.74,0
1614380179,2400,1319616,104.55,0
1614380180,2400,1323518,106.68,0
1614380181,2400,1327396,116.22,0
1614380182,2400,1331306,121.26,0
1614380183,2400,1335264,110.57,0
1614380184,2400,1339247,104.03,0
1614380185,2400,1343154,104.25,0
1614380186,2400,1347203,104.19,0
1614380187,2400,1350996,109.54,0
1614380188,2400,1354830,129.83,0
1614380189,2400,1358727,120.75,0
1614380190,2400,1362726,106.82,0
1614380191,2400,1366684,104.67,0
1614380192,2400,1370647,104.90,0
1614380193,2400,1374627,104.67,0
1614380194,2400,1378462,107.70,0
1614380195,2400,1382284,128.44,0
1614380196,2400,1386185,122.25,0
1614380197,2400,1390149,107.26,0
1614380198,2400,1394159,104.29,0
1614380199,2400,1398095,103.86,0
1614380200,2400,1402045,104.34,0
1614380201,2400,1405892,114.37,0
1614380202,2600,1409776,127.06,0
1614380203,2600,1413794,156.77,0
1614380204,2600,1418086,115.84,0
1614380205,2600,1422334,105.20,0
1614380206,2600,1426663,108.11,0
1614380207,2600,1430979,105.26,0
1614380208,2600,1434914,138.29,0
1614380209,2600,1438666,162.65,0
1614380210,2600,1442968,150.02,0
1614380211,2600,1447183,105.85,0
1614380212,2600,1451511,105.17,0
1614380213,2600,1455819,104.76,0
1614380214,2600,1459991,108.15,0
1614380215,2600,1463892,155.66,0
1614380216,2600,1467745,158.86,0
1614380217,2600,1472265,126.55,0
1614380218,2600,1476339,106.43,0
1614380219,2600,1480664,106.48,0
1614380220,2600,1484966,105.73,0
1614380221,2600,1488867,154.49,0
1614380222,2600,1492668,158.97,0
1614380223,2600,1496960,139.34,0
1614380224,2600,1501291,107.15,0
1614380225,2600,1505574,105.38,0
1614380226,2600,1509816,105.05,0
1614380227,2600,1513963,112.02,0
1614380228,2600,1517899,154.88,0
1614380229,2600,1521983,154.87,0
1614380230,2600,1526155,119.33,0
1614380231,2600,1530488,104.43,0
1614380232,2600,1534821,105.08,0
1614380233,2600,1539064,104.79,0
1614380234,2600,1542956,128.83,0
1614380235,2600,1546724,183.60,0
1614380236,2600,1550869,158.18,0
1614380237,2600,1555192,114.05,0
1614380238,2600,1559487,106.67,0
1614380239,2600,1563673,105.15,0
1614380240,2600,1568061,106.07,0
1614380241,2600,1570755,291.51,0
1614380242,2600,1573381,477.12,0
1614380243,2600,1576900,309.07,0
1614380244,2600,1581223,152.00,0
1614380245,2600,1585276,119.03,0
1614380246,2600,1589885,109.19,0
1614380247,2600,1593242,202.88,0
1614380249,2600,1597158,178.97,0
1614380250,2600,1601379,132.05,0
1614380251,2600,1605661,108.55,0
1614380252,2600,1609895,107.07,0
1614380253,2600,1614229,105.94,0
1614380254,2600,1618237,116.69,0
1614380255,2600,1622180,178.35,0
1614380256,2600,1626076,178.74,0
1614380257,2600,1630296,111.00,0
1614380258,2600,1634614,106.49,0
1614380259,2600,1638923,105.76,0
1614380260,2600,1642979,104.92,0
1614380261,2600,1646934,170.66,0
1614380262,2600,1650934,157.86,0
1614380263,2600,1655145,125.06,0
1614380264,2600,1659450,105.72,0
1614380265,2600,1663730,105.48,0
1614380266,2600,1668031,105.04,0
1614380267,2600,1672013,128.83,0
1614380268,2600,1675915,167.02,0
1614380269,2600,1679852,188.88,0
1614380270,2600,1684156,111.11,0
1614380271,2600,1688394,105.67,0
1614380272,2600,1692683,105.98,0
1614380273,2600,1696941,104.92,0
1614380274,2600,1700815,154.42,0
1614380275,2600,1704743,182.39,0
1614380276,2600,1706645,487.65,0
1614380277,2600,1710916,312.08,0
1614380278,2600,1714167,179.31,0
1614380279,2600,1718267,139.50,0
1614380280,2600,1722699,127.40,0
1614380281,2600,1726604,130.86,0
1614380282,2600,1730534,155.79,0
1614380283,2600,1734647,158.66,0
1614380284,2600,1738987,107.74,0
1614380285,2600,1743246,105.62,0
1614380286,2600,1747481,105.07,0
1614380287,2600,1751746,106.70,0
1614380288,2600,1755736,150.75,0
1614380289,2600,1759578,193.33,0
1614380290,2600,1763728,112.58,0
1614380291,2600,1768119,105.79,0
1614380292,2600,1772360,105.21,0
1614380293,2600,1776632,106.54,0
1614380294,2600,1780479,166.65,0
1614380295,2600,1784363,158.71,0
1614380296,2600,1788404,161.31,0
1614380297,2600,1792685,108.56,0
1614380298,2600,1796942,107.58,0
1614380299,2600,1801382,107.43,0
1614380300,2600,1805351,109.98,0
1614380301,2600,1809232,170.34,0
1614380302,2600,1813219,165.27,0
1614380303,2800,1817686,119.86,0
1614380304,2800,1822175,108.11,0
1614380305,2800,1826889,108.48,0
1614380306,2800,1831372,106.65,0
1614380307,2800,1835148,221.63,0
1614380308,2800,1838881,222.23,0
1614380309,2800,1843458,156.57,0
1614380310,2800,1848010,107.63,0
1614380311,2800,1852673,107.93,0
1614380312,2800,1857278,107.45,0
1614380313,2800,1861146,171.12,0
1614380314,2800,1864940,203.98,0
1614380315,2800,1869126,229.72,0
1614380316,2800,1873804,112.73,0
1614380317,2800,1878299,107.12,0
1614380318,2800,1883060,107.29,0
1614380319,2800,1887018,139.39,0
1614380320,2800,1891071,206.48,0
1614380321,2800,1895029,233.49,0
1614380322,2800,1899415,133.30,0
1614380323,2800,1904084,113.92,0
1614380324,2800,1908637,110.74,0
1614380325,2800,1912477,135.54,0
1614380326,2800,1916434,224.61,0
1614380327,2800,1920597,260.32,0
1614380328,2800,1924930,116.39,0
1614380329,2800,1929610,109.64,0
1614380330,2800,1934221,107.22,0
1614380331,2800,1938369,130.51,0
1614380332,2800,1942356,220.40,0
1614380333,2800,1946200,284.47,0
1614380334,2800,1950543,119.89,0
1614380335,2800,1955171,109.05,0
1614380336,2800,1959658,101.92,0
1614380337,2800,1963862,126.54,0
1614380338,2800,1967858,227.60,0
1614380339,2800,1971421,293.74,0
1614380340,2800,1975977,137.59,0
1614380341,2800,1980533,108.51,0
1614380342,2800,1985114,107.40,0
1614380343,2800,1989655,102.95,0
1614380344,2800,1993419,222.42,0
1614380345,2800,1997217,210.59,0
1614380346,2800,2001905,152.88,0
1614380347,2800,2006349,107.20,0
1614380348,2800,2011105,105.64,0
1614380349,2800,2015739,106.80,0
1614380350,2800,2019471,177.55,0
1614380351,2800,2023570,202.66,0
1614380352,2800,2027791,188.62,0
1614380353,2800,2032447,109.04,0
1614380354,2800,2037111,106.91,0
1614380355,2800,2041617,105.58,0
1614380356,2800,2045799,133.03,0
1614380357,2800,2049808,230.57,0
1614380358,2800,2053671,211.57,0
1614380359,2800,2058388,119.93,0
1614380360,2800,2062942,107.60,0
1614380361,2800,2067498,106.45,0
1614380362,2800,2071887,110.66,0
1614380363,2800,2075763,215.52,0
1614380364,2800,2079585,290.39,0
1614380365,2800,2083896,135.90,0
1614380366,2800,2088546,110.41,0
1614380367,2800,2093152,108.19,0
1614380368,2800,2097583,109.91,0
1614380369,2800,2101396,182.83,0
1614380370,2800,2105285,263.22,0
1614380371,2800,2109770,136.49,0
1614380372,2800,2114243,108.03,0
1614380373,2800,2119056,107.07,0
1614380374,2800,2123427,108.88,0
1614380375,2800,2127373,214.65,0
1614380376,2800,2131155,222.16,0
1614380377,2800,2135783,139.62,0
1614380378,2800,2140332,109.29,0
1614380379,2800,2144958,106.09,0
1614380380,2800,2149550,106.44,0
1614380381,2800,2153305,190.55,0
1614380382,2800,2157252,240.33,0
1614380383,2800,2161663,142.64,0
1614380384,2800,2166407,107.58,0
1614380385,2800,2170910,106.85,0
1614380386,2800,2175588,106.35,0
1614380387,2800,2179419,189.82,0
1614380388,2800,2183309,209.22,0
1614380389,2800,2187673,183.42,0
1614380390,2800,2192327,110.17,0
1614380391,2800,2196911,109.76,0
1614380392,2800,2201370,107.55,0
1614380393,2800,2205375,157.90,0
1614380394,2800,2209361,207.25,0
1614380395,2800,2213545,197.87,0
1614380396,2800,2218171,112.23,0
1614380397,2800,2222897,107.45,0
1614380398,2800,2227385,105.36,0
1614380399,2800,2231484,129.32,0
1614380400,2800,2235643,201.59,0
1614380401,2800,2239552,235.58,0
1614380402,2800,2244166,115.26,0
1614380403,3000,2248923,109.73,0
1614380404,3000,2253820,109.68,0
1614380405,3000,2258022,120.20,0
1614380406,3000,2262183,314.65,0
1614380407,3000,2266010,256.82,0
1614380408,3000,2270729,159.43,0
1614380409,3000,2275437,113.91,0
1614380410,3000,2280591,110.80,0
1614380411,3000,2285301,111.74,0
1614380412,3000,2289227,255.09,0
1614380413,3000,2292787,254.34,0
1614380414,3000,2297346,234.46,0
1614380415,3000,2302446,118.53,0
1614380416,3000,2307181,110.75,0
1614380417,3000,2312169,111.88,0
1614380418,3000,2315907,230.15,0
1614380419,3000,2319736,285.04,0
1614380420,3000,2324390,193.84,0
1614380421,3000,2329343,113.59,0
1614380422,3000,2334186,110.05,0
1614380423,3000,2339161,108.78,0
1614380424,3000,2342773,214.58,0
1614380425,3000,2346577,320.33,0
1614380426,3000,2351383,189.40,0
1614380427,3000,2356089,116.31,0
1614380428,3000,2361080,116.89,0
1614380429,3000,2365930,111.28,0
1614380430,3000,2369746,202.95,0
1614380431,3000,2373828,240.90,0
1614380432,3000,2378367,217.33,0
1614380433,3000,2383351,115.95,0
1614380434,3000,2388029,109.16,0
1614380435,3000,2393202,112.65,0
1614380436,3000,2396987,235.04,0
1614380437,3000,2400804,227.02,0
1614380438,3000,2405659,201.82,0
1614380439,3000,2410414,113.91,0
1614380440,3000,2415398,111.90,0
1614380441,3000,2420226,108.11,0
1614380442,3000,2424210,190.48,0
1614380443,3000,2428290,247.28,0
1614380444,3000,2432929,207.80,0
1614380445,3000,2437649,115.79,0
1614380446,3000,2442600,112.47,0
1614380447,3000,2447549,108.91,0
1614380448,3000,2451412,193.31,0
1614380449,3000,2455017,269.49,0
1614380450,3000,2460016,212.12,0
1614380451,3000,2464799,117.28,0
1614380452,3000,2469842,111.81,0
1614380453,3000,2474605,108.67,0
1614380454,3000,2478445,251.32,0
1614380455,3000,2482163,243.89,0
1614380456,3000,2486883,210.12,0
1614380457,3000,2491656,118.53,0
1614380458,3000,2496645,113.81,0
1614380459,3000,2501474,110.92,0
1614380460,3000,2505343,229.87,0
1614380461,3000,2508945,290.25,0
1614380462,3000,2513904,179.61,0
1614380463,3000,2518780,111.55,0
1614380464,3000,2523711,107.71,0
1614380465,3000,2528386,112.95,0
1614380466,3000,2532129,267.91,0
1614380467,3000,2536111,259.83,0
1614380468,3000,2541111,143.88,0
1614380469,3000,2545854,117.86,0
1614380470,3000,2550865,113.67,0
1614380471,3000,2555117,122.23,0
1614380472,3000,2559229,264.13,0
1614380473,3000,2563131,292.92,0
1614380474,3000,2567740,138.96,0
1614380475,3000,2572901,118.99,0
1614380476,3000,2577608,111.19,0
1614380477,3000,2581677,135.70,0
1614380478,3000,2586008,259.20,0
1614380479,3000,2590044,272.20,0
1614380480,3000,2594817,129.20,0
1614380481,3000,2599772,114.13,0
1614380482,3000,2604672,109.54,0
1614380483,3000,2608604,144.72,0
1614380484,3000,2612821,289.22,0
1614380485,3000,2616677,279.40,0
1614380486,3000,2621680,129.97,0
1614380487,3000,2626417,113.66,0
1614380488,3000,2631481,113.01,0
1614380489,3000,2635749,135.68,0
1614380490,3000,2639856,272.00,0
1614380491,3000,2643711,264.82,0
1614380492,3000,2648559,135.18,0
1614380493,3000,2653573,111.49,0
1614380494,3000,2658429,109.58,0
1614380495,3000,2662683,124.66,0
1614380496,3000,2666878,261.74,0
1614380497,3000,2670894,264.90,0
1614380498,3000,2675735,133.31,0
1614380499,3000,2680752,109.08,0
1614380500,3000,2685506,107.87,0
1614380501,3000,2689935,131.17,0
1614380502,3000,2693745,278.42,0
1614380503,3200,2697954,263.01,0
1614380504,3200,2703300,150.94,0
1614380505,3200,2708196,118.19,0
1614380506,3200,2713497,114.51,0
1614380507,3200,2717559,209.93,0
1614380508,3200,2721492,311.43,0
1614380509,3200,2726032,260.65,0
1614380510,3200,2731055,129.07,0
1614380511,3200,2736385,121.93,0
1614380512,3200,2741384,115.93,0
1614380513,3200,2745157,280.89,0
1614380514,3200,2749051,358.51,0
1614380515,3200,2754122,170.59,0
1614380516,3200,2759285,114.09,0
1614380517,3200,2764512,112.30,0
1614380518,3200,2768939,158.86,0
1614380519,3200,2772868,330.46,0
1614380520,3200,2776894,292.60,0
1614380521,3200,2782255,148.92,0
1614380522,3200,2787215,121.75,0
1614380523,3200,2792457,114.05,0
1614380524,3200,2796329,165.91,0
1614380525,3200,2800552,306.63,0
1614380526,3200,2804900,321.38,0
1614380527,3200,2809991,140.24,0
1614380528,3200,2815018,119.39,0
1614380529,3200,2820354,116.88,0
1614380530,3200,2824296,208.91,0
1614380531,3200,2827875,355.60,0
1614380532,3200,2832452,280.11,0
1614380533,3200,2837645,130.81,0
1614380534,3200,2842887,115.06,0
1614380535,3200,2848026,113.06,0
1614380536,3200,2851735,227.02,0
1614380537,3200,2855938,307.03,0
1614380538,3200,2860432,288.69,0
1614380539,3200,2865347,133.78,0
1614380540,3200,2870693,117.09,0
1614380541,3200,2875851,109.63,0
1614380542,3200,2879456,274.14,0
1614380543,3200,2883494,282.46,0
1614380544,3200,2888078,292.46,0
1614380545,3200,2893154,132.21,0
1614380546,3200,2898270,119.98,0
1614380547,3200,2903280,115.59,0
1614380548,3200,2906810,332.83,0
1614380549,3200,2910440,393.19,0
1614380550,3200,2915249,237.96,0
1614380551,3200,2920218,133.40,0
1614380552,3200,2925447,120.93,0
1614380553,3200,2930463,112.00,0
1614380554,3200,2934341,305.01,0
1614380555,3200,2938269,276.94,0
1614380556,3200,2942983,235.20,0
1614380557,3200,2948092,133.40,0
1614380558,3200,2953222,121.33,0
1614380559,3200,2958101,118.00,0
1614380560,3200,2962024,330.33,0
1614380561,3200,2965742,304.33,0
1614380562,3200,2970671,198.69,0
1614380563,3200,2975997,133.73,0
1614380564,3200,2980982,126.51,0
1614380565,3200,2985695,131.16,0
1614380566,3200,2989656,312.86,0
1614380567,3200,2993620,332.28,0
1614380568,3200,2998761,140.29,0
1614380569,3200,3003915,119.89,0
1614380570,3200,3009212,112.30,0
1614380571,3200,3013097,191.28,0
1614380572,3200,3016876,351.25,0
1614380573,3200,3021624,267.47,0
1614380574,3200,3026620,124.08,0
1614380575,3200,3032020,119.98,0
1614380576,3200,3036997,112.61,0
1614380577,3200,3039699,397.05,0
1614380578,3200,3042472,656.29,0
1614380579,3200,3046729,490.57,0
1614380580,3200,3051156,177.15,0
1614380581,3200,3055974,138.55,0
1614380582,3200,3061337,129.19,0
1614380583,3200,3064957,295.34,0
1614380584,3200,3068669,353.03,0
1614380585,3200,3073714,176.94,0
1614380586,3200,3079014,135.74,0
1614380587,3200,3083989,116.61,0
1614380588,3200,3087969,159.72,0
1614380589,3200,3092205,331.83,0
1614380590,3200,3096642,276.89,0
1614380591,3200,3101734,130.01,0
1614380592,3200,3107040,118.96,0
1614380593,3200,3112211,110.08,0
1614380594,3200,3115572,272.63,0
1614380595,3200,3119502,358.57,0
1614380596,3200,3124298,227.20,0
1614380597,3200,3129620,134.75,0
1614380598,3200,3134650,117.18,0
1614380599,3200,3138727,145.72,0
1614380600,3200,3143003,341.51,0
1614380601,3200,3147107,306.10,0
1614380602,3200,3152313,143.33,0
1614380603,3400,3157434,124.96,0
1614380604,3400,3162977,119.00,0
1614380605,3400,3166933,231.42,0
1614380606,3400,3170958,381.08,0
1614380607,3400,3175580,324.28,0
1614380608,3400,3180741,148.54,0
1614380609,3400,3186122,122.60,0
1614380610,3400,3191384,121.13,0
1614380611,3400,3194981,324.97,0
1614380612,3400,3198953,414.25,0
1614380613,3400,3204061,216.21,0
1614380614,3400,3209525,133.81,0
1614380615,3400,3215047,123.20,0
1614380616,3400,3219349,167.40,0
1614380617,3400,3223359,397.53,0
1614380618,3400,3226994,393.32,0
1614380619,3400,3232505,182.77,0
1614380620,3400,3237803,141.37,0
1614380621,3400,3243328,120.42,0
1614380622,3400,3246907,263.64,0
1614380623,3400,3250936,358.05,0
1614380624,3400,3255612,327.19,0
1614380625,3400,3260850,152.43,0
1614380626,3400,3266318,140.10,0
1614380627,3400,3270927,164.72,0
1614380628,3400,3274953,371.01,0
1614380629,3400,3279079,386.22,0
1614380630,3400,3284293,140.87,0
1614380631,3400,3289720,128.21,0
1614380632,3400,3295201,123.52,0
1614380633,3400,3298903,294.30,0
1614380634,3400,3302570,399.89,0
1614380635,3400,3307847,263.64,0
1614380636,3400,3312880,146.37,0
1614380637,3400,3318311,132.00,0
1614380638,3400,3323042,143.04,0
1614380639,3400,3326709,411.30,0
1614380640,3400,3330522,353.48,0
1614380641,3400,3335659,253.76,0
1614380642,3400,3340998,158.58,0
1614380643,3400,3346442,134.45,0
1614380644,3400,3350725,175.21,0
1614380645,3400,3354886,370.66,0
1614380646,3400,3358703,361.15,0
1614380647,3400,3363919,191.83,0
1614380648,3400,3369501,131.99,0
1614380649,3400,3374948,120.13,0
1614380650,3400,3378586,283.89,0
1614380651,3400,3382366,424.27,0
1614380652,3400,3387190,307.47,0
1614380653,3400,3392375,146.85,0
1614380654,3400,3397750,129.46,0
1614380655,3400,3402776,124.11,0
1614380656,3400,3406490,354.54,0
1614380657,3400,3410454,359.54,0
1614380658,3400,3415454,254.78,0
1614380659,3400,3420751,146.42,0
1614380660,3400,3426241,132.07,0
1614380661,3400,3431019,144.22,0
1614380662,3400,3435117,376.07,0
1614380663,3400,3438971,348.36,0
1614380664,3400,3444388,199.88,0
1614380665,3400,3449635,138.05,0
1614380666,3400,3454623,136.86,0
1614380667,3400,3458468,282.81,0
1614380668,3400,3462294,347.24,0
1614380669,3400,3467242,303.92,0
1614380670,3400,3472596,143.01,0
1614380671,3400,3478295,133.54,0
1614380672,3400,3482761,136.00,0
1614380673,3400,3487035,386.11,0
1614380674,3400,3490752,329.56,0
1614380675,3400,3496336,185.44,0
1614380676,3400,3501747,127.89,0
1614380677,3400,3507152,117.35,0
1614380678,3400,3511297,213.45,0
1614380679,3400,3515452,355.05,0
1614380680,3400,3519892,337.20,0
1614380681,3400,3525022,160.26,0
1614380682,3400,3530248,129.46,0
1614380683,3400,3535841,129.46,0
1614380684,3400,3539468,291.67,0
1614380685,3400,3543695,337.13,0
1614380686,3400,3548615,256.65,0
1614380687,3400,3553893,150.40,0
1614380688,3400,3559521,121.05,0
1614380689,3400,3564045,139.26,0
1614380690,3400,3568072,377.72,0
1614380691,3400,3572011,400.18,0
1614380692,3400,3577447,167.80,0
1614380693,3400,3582653,129.98,0
1614380694,3400,3588196,119.46,0
1614380695,3400,3592031,217.65,0
1614380696,3400,3596325,350.82,0
1614380697,3400,3600965,337.91,0
1614380698,3400,3605879,161.27,0
1614380699,3400,3611067,152.12,0
1614380700,3400,3615658,137.49,0
1614380701,3400,3619941,386.73,0
1614380702,3400,3624057,322.21,0
1614380703,3500,3629521,175.34,0
1614380704,3500,3634880,140.24,0
1614380705,3500,3640516,122.21,0
1614380706,3500,3644374,243.76,0
1614380707,3500,3648788,379.83,0
1614380708,3500,3653468,316.99,0
1614380709,3500,3658515,157.40,0
1614380710,3500,3664115,140.14,0
1614380711,3500,3669207,132.34,0
1614380712,3500,3673214,383.38,0
1614380713,3500,3676805,394.66,0
1614380714,3500,3682246,210.72,0
1614380715,3500,3687856,167.68,0
1614380716,3500,3693250,138.09,0
1614380717,3500,3696864,308.65,0
1614380718,3500,3700863,387.75,0
1614380719,3500,3705672,355.43,0
1614380720,3500,3710911,153.66,0
1614380721,3500,3716307,135.98,0
1614380722,3500,3721215,150.24,0
1614380723,3500,3725045,408.74,0
1614380724,3500,3729123,375.16,0
1614380725,3500,3734438,183.51,0
1614380726,3500,3740184,133.67,0
1614380727,3500,3745686,125.79,0
1614380728,3500,3749560,267.43,0
1614380729,3500,3753393,380.86,0
1614380730,3500,3758509,292.45,0
1614380731,3500,3763707,165.66,0
1614380732,3500,3769379,145.44,0
1614380733,3500,3773969,154.54,0
1614380734,3500,3777909,396.97,0
1614380735,3500,3782398,395.49,0
1614380736,3500,3787355,196.45,0
1614380737,3500,3792577,164.94,0
1614380738,3500,3797589,146.20,0
1614380739,3500,3801482,378.15,0
1614380740,3500,3805067,452.37,0
1614380741,3500,3810740,208.22,0
1614380742,3500,3816286,127.13,0
1614380743,3500,3821849,119.98,0
1614380744,3500,3825401,295.72,0
1614380745,3500,3829572,369.99,0
1614380746,3500,3834312,308.02,0
1614380747,3500,3839775,165.46,0
1614380748,3500,3845442,136.28,0
1614380749,3500,3850144,168.19,0
1614380750,3500,3853471,419.03,0
1614380751,3500,3858438,348.89,0
1614380752,3500,3863918,156.99,0
1614380753,3500,3869186,135.25,0
1614380754,3500,3874601,128.90,0
1614380755,3500,3878202,364.45,0
1614380756,3500,3882461,345.35,0
1614380757,3500,3887510,255.70,0
1614380758,3500,3892598,165.58,0
1614380759,3500,3898311,146.14,0
1614380760,3500,3902768,164.99,0
1614380761,3500,3906418,419.39,0
1614380762,3500,3910767,395.25,0
1614380763,3500,3916261,188.18,0
1614380764,3500,3921768,134.46,0
1614380765,3500,3927170,130.21,0
1614380766,3500,3931066,276.87,0
1614380767,3500,3934715,451.00,0
1614380768,3500,3939887,292.84,0
1614380769,3500,3945057,168.88,0
1614380770,3500,3950425,128.45,0
1614380771,3500,3955826,124.84,0
1614380772,3500,3959402,352.01,0
1614380773,3500,3963630,361.79,0
1614380774,3500,3968909,220.55,0
1614380775,3500,3974490,153.42,0
1614380776,3500,3980135,125.39,0
1614380777,3500,3984120,226.16,0
1614380778,3500,3988318,400.57,0
1614380779,3500,3992508,369.69,0
1614380780,3500,3997867,184.85,0
1614380781,3500,4003312,157.29,0
1614380782,3500,4008610,136.81,0
1614380783,3500,4012073,265.09,0
1614380784,3500,4016431,396.68,0
1614380785,3500,4020768,371.05,0
1614380786,3500,4026191,165.90,0
1614380787,3500,4031692,140.40,0
1614380788,3500,4036633,138.01,0
1614380789,3500,4040403,386.53,0
1614380790,3500,4044401,398.37,0
1614380791,3500,4049952,201.42,0
1614380792,3500,4055378,163.66,0
1614380793,3500,4060725,138.70,0
1614380794,3500,4065056,220.52,0
1614380795,3500,4068928,383.69,0
1614380796,3500,4073523,349.76,0
1614380797,3500,4078970,154.17,0
1614380798,3500,4084416,136.06,0
1614380799,3500,4089457,130.42,0
1614380800,3500,4093129,371.57,0
1614380801,3500,4097134,369.44,0
1614380802,3500,4102513,238.85,0
1614380803,3600,4108180,166.33,0
1614380804,3600,4113806,149.79,0
1614380805,3600,4117380,234.58,0
1614380806,3600,4121812,396.36,0
1614380807,3600,4126823,312.63,0
1614380808,3600,4132105,152.82,0
1614380809,3600,4137732,159.97,0
1614380810,3600,4142429,157.33,0
1614380811,3600,4146606,429.20,0
1614380812,3600,4150599,365.93,0
1614380813,3600,4156269,198.30,0
1614380814,3600,4162001,140.41,0
1614380815,3600,4167673,135.05,0
1614380816,3600,4171238,244.16,0
1614380817,3600,4175484,434.62,0
1614380818,3600,4180486,345.58,0
1614380819,3600,4185793,166.35,0
1614380820,3600,4191165,144.76,0
1614380821,3600,4196200,140.23,0
1614380822,3600,4200039,425.93,0
1614380823,3600,4203800,391.01,0
1614380824,3600,4209361,266.79,0
1614380825,3600,4214724,156.30,0
1614380826,3600,4220536,144.58,0
1614380827,3600,4224492,187.56,0
1614380828,3600,4228738,440.94,0
1614380829,3600,4232935,405.26,0
1614380830,3600,4238206,212.33,0
1614380831,3600,4243848,157.83,0
1614380832,3600,4249512,140.08,0
1614380833,3600,4253135,309.74,0
1614380834,3600,4257361,412.51,0
1614380835,3600,4261929,325.01,0
1614380836,3600,4267253,178.93,0
1614380837,3600,4272900,157.69,0
1614380838,3600,4277158,178.98,0
1614380839,3600,4281268,411.55,0
1614380840,3600,4285534,461.02,0
1614380841,3600,4291035,185.49,0
1614380842,3600,4296545,151.91,0
1614380843,3600,4301630,143.38,0
1614380844,3600,4305508,390.19,0
1614380845,3600,4309291,393.14,0
1614380846,3600,4314452,289.54,0
1614380847,3600,4319673,167.84,0
1614380848,3600,4325410,153.70,0
1614380849,3600,4329709,177.33,0
1614380850,3600,4333904,434.88,0
1614380851,3600,4338033,381.61,0
1614380852,3600,4343446,212.27,0
1614380853,3600,4349185,158.52,0
1614380854,3600,4354783,136.86,0
1614380855,3600,4358381,260.35,0
1614380856,3600,4362347,406.98,0
1614380857,3600,4367577,345.86,0
1614380858,3600,4372555,203.74,0
1614380859,3600,4378135,142.94,0
1614380860,3600,4383389,145.34,0
1614380861,3600,4386893,400.21,0
1614380862,3600,4391226,402.56,0
1614380863,3600,4396145,250.00,0
1614380864,3600,4401758,176.68,0
1614380865,3600,4407512,152.78,0
1614380866,3600,4411523,234.69,0
1614380867,3600,4415176,499.50,0
1614380868,3600,4419936,345.59,0
1614380869,3600,4425583,179.46,0
1614380870,3600,4431151,142.85,0
1614380871,3600,4436612,131.83,0
1614380872,3600,4440108,367.65,0
1614380873,3600,4444352,400.61,0
1614380874,3600,4449212,330.74,0
1614380875,3600,4454530,167.38,0
1614380876,3600,4460176,153.26,0
1614380877,3600,4465132,137.50,0
1614380878,3600,4469079,404.21,0
1614380879,3600,4473166,400.06,0
1614380880,3600,4478567,204.84,0
1614380881,3600,4484469,146.85,0
1614380882,3600,4490157,128.95,0
1614380883,3600,4493930,283.39,0
1614380884,3600,4497984,437.81,0
1614380885,3600,4502885,312.17,0
1614380886,3600,4508343,158.23,0
1614380887,3600,4514138,138.70,0
1614380888,3600,4518723,166.87,0
1614380889,3600,4522782,459.90,0
1614380890,3600,4526525,415.37,0
1614380891,3600,4532117,189.14,0
1614380892,3600,4537833,160.40,0
1614380893,3600,4543480,132.11,0
1614380894,3600,4547173,316.56,0
1614380895,3600,4551245,416.60,0
1614380896,3600,4556232,320.68,0
1614380897,3600,4561598,164.41,0
1614380898,3600,4566989,154.69,0
1614380899,3600,4572041,155.70,0
1614380900,3600,4575627,468.19,0
1614380901,3600,4579530,392.50,0
1614380902,3600,4584489,275.57,0
1614380903,3700,4590069,179.70,0
1614380904,3700,4595869,151.23,0
1614380905,3700,4600309,254.27,0
1614380906,3700,4604154,452.90,0
1614380907,3700,4609146,361.68,0
1614380908,3700,4614551,166.45,0
1614380909,3700,4620245,143.83,0
1614380910,3700,4625139,172.25,0
1614380911,3700,4629062,491.58,0
1614380912,3700,4633162,403.17,0
1614380913,3700,4638576,194.09,0
1614380914,3700,4644480,150.48,0
1614380915,3700,4650337,141.49,0
1614380916,3700,4653945,302.92,0
1614380917,3700,4658114,488.32,0
1614380918,3700,4663315,267.75,0
1614380919,3700,4668780,156.39,0
1614380920,3700,4674607,147.82,0
1614380921,3700,4679070,214.64,0
1614380922,3700,4683350,392.85,0
1614380923,3700,4687848,442.68,0
1614380924,3700,4693098,201.67,0
1614380925,3700,4698760,142.81,0
1614380926,3700,4704185,152.50,0
1614380927,3700,4708057,387.55,0
1614380928,3700,4712061,435.74,0
1614380929,3700,4717332,248.47,0
1614380930,3700,4723225,151.06,0
1614380931,3700,4729106,131.05,0
1614380932,3700,4732954,260.27,0
1614380933,3700,4736780,431.03,0
1614380934,3700,4742171,338.27,0
1614380935,3700,4747953,158.08,0
1614380936,3700,4753692,132.46,0
1614380937,3700,4758464,168.36,0
1614380938,3700,4762270,426.63,0
1614380939,3700,4766988,404.81,0
1614380940,3700,4772554,186.61,0
1614380941,3700,4778245,158.66,0
1614380942,3700,4783814,148.80,0
1614380943,3700,4787487,344.48,0
1614380944,3700,4791423,473.88,0
1614380945,3700,4796970,221.90,0
1614380946,3700,4802536,165.75,0
1614380947,3700,4808428,146.04,0
1614380948,3700,4811890,296.50,0
1614380949,3700,4816228,417.69,0
1614380950,3700,4821740,275.36,0
1614380951,3700,4827374,149.35,0
1614380952,3700,4833231,135.81,0
1614380953,3700,4837456,221.30,0
1614380954,3700,4841739,437.22,0
1614380955,3700,4846799,326.15,0
1614380956,3700,4851928,202.03,0
1614380957,3700,4857845,143.66,0
1614380958,3700,4862532,150.90,0
1614380959,3700,4866334,446.04,0
1614380960,3700,4870928,403.88,0
1614380961,3700,4876423,205.74,0
1614380962,3700,4882245,152.91,0
1614380963,3700,4887908,136.75,0
1614380964,3700,4890533,413.24,0
1614380965,3700,4894047,800.99,0
1614380966,3700,4899238,293.21,0
1614380967,3700,4904965,152.33,0
1614380968,3700,4910887,134.26,0
1614380969,3700,4914987,203.53,0
1614380970,3700,4919222,431.72,0
1614380971,3700,4924323,346.90,0
1614380972,3700,4929691,186.57,0
1614380973,3700,4935102,144.82,0
1614380974,3700,4940052,169.83,0
1614380975,3700,4944069,447.26,0
1614380976,3700,4948719,385.20,0
1614380977,3700,4954453,161.18,0
1614380978,3700,4959929,153.96,0
1614380979,3700,4965006,145.37,0
1614380980,3700,4969042,412.05,0
1614380981,3700,4973872,383.80,0
1614380982,3700,4979311,169.82,0
1614380983,3700,4984839,135.63,0
1614380984,3700,4990382,152.08,0
1614380985,3700,4994122,416.22,0
1614380986,3700,4998464,416.70,0
1614380987,3700,5004436,182.67,0
1614380988,3700,5010003,145.08,0
1614380989,3700,5015480,122.73,0
1614380990,3700,5019501,386.82,0
1614380991,3700,5023324,475.66,0
1614380992,3700,5029245,205.88,0
1614380993,3700,5034816,147.54,0
1614380994,3700,5040056,141.09,0
1614380995,3700,5043900,393.02,0
1614380996,3700,5048471,438.69,0
1614380997,3700,5053692,197.56,0
1614380998,3700,5059507,140.25,0
1614380999,3700,5064443,155.23,0
1614381000,3700,5068392,371.17,0
1614381001,3700,5072851,407.98,0
1614381002,3700,5078488,201.71,0
1614381003,3750,5084346,159.40,0
1614381004,3750,5089267,151.68,0
1614381005,3750,5093097,409.00,0
1614381006,3750,5098012,400.84,0
1614381007,3750,5103650,166.00,0
1614381008,3750,5109460,146.61,0
1614381009,3750,5114428,154.71,0
1614381010,3750,5118721,419.17,0
1614381011,3750,5122910,393.23,0
1614381012,3750,5128752,207.94,0
1614381013,3750,5134437,152.04,0
1614381014,3750,5139892,164.25,0
1614381015,3750,5143756,383.02,0
1614381016,3750,5147852,395.75,0
1614381017,3750,5153125,251.10,0
1614381018,3750,5158780,167.13,0
1614381019,3750,5164737,147.31,0
1614381020,3750,5168747,309.55,0
1614381021,3750,5172807,455.71,0
1614381022,3750,5178163,251.43,0
1614381023,3750,5183950,167.14,0
1614381024,3750,5189707,148.50,0
1614381025,3750,5194174,212.02,0
1614381026,3750,5198085,503.64,0
1614381027,3750,5203514,283.82,0
1614381028,3750,5209173,152.62,0
1614381029,3750,5215150,139.51,0
1614381030,3750,5219457,243.51,0
1614381031,3750,5223563,448.14,0
1614381032,3750,5229020,281.98,0
1614381033,3750,5234713,146.57,0
1614381034,3750,5240488,143.15,0
1614381035,3750,5245116,181.46,0
1614381036,3750,5249320,450.54,0
1614381037,3750,5254309,333.59,0
1614381038,3750,5259807,177.21,0
1614381039,3750,5265382,152.80,0
1614381040,3750,5270222,168.23,0
1614381041,3750,5274503,417.36,0
1614381042,3750,5278979,403.12,0
1614381043,3750,5284630,206.80,0
1614381044,3750,5290284,147.02,0
1614381045,3750,5295661,148.27,0
1614381046,3750,5299654,400.58,0
1614381047,3750,5303627,398.56,0
1614381048,3750,5309365,220.36,0
1614381049,3750,5315163,159.93,0
1614381050,3750,5320787,137.72,0
1614381051,3750,5323609,433.18,0
1614381052,3750,5326505,808.88,0
1614381053,3750,5331202,480.47,0
1614381054,3750,5336521,224.00,0
1614381055,3750,5341942,180.68,0
1614381056,3750,5346664,220.35,0
1614381057,3750,5350327,507.55,0
1614381058,3750,5355788,268.46,0
1614381059,3750,5361230,190.74,0
1614381060,3750,5367142,173.03,0
1614381061,3750,5371358,213.41,0
1614381062,3750,5375359,492.73,0
1614381063,3750,5380774,265.02,0
1614381064,3750,5386501,159.08,0
1614381065,3750,5392461,138.65,0
1614381066,3750,5396768,250.30,0
1614381067,3750,5400579,455.65,0
1614381068,3750,5405894,259.56,0
1614381069,3750,5411812,172.87,0
1614381070,3750,5417716,142.96,0
1614381071,3750,5422225,227.40,0
1614381072,3750,5425793,406.02,0
1614381073,3750,5430333,566.01,0
1614381074,3750,5435944,168.74,0
1614381075,3750,5441522,144.66,0
1614381076,3750,5446241,162.77,0
1614381077,3750,5450514,474.80,0
1614381078,3750,5455315,329.89,0
1614381079,3750,5460999,212.73,0
1614381080,3750,5466646,152.23,0
1614381081,3750,5471578,164.28,0
1614381082,3750,5475618,403.38,0
1614381083,3750,5480256,423.80,0
1614381084,3750,5485847,183.09,0
1614381085,3750,5491392,140.75,0
1614381086,3750,5496633,165.00,0
1614381087,3750,5499934,457.71,0
1614381088,3750,5505204,416.30,0
1614381089,3750,5510474,179.49,0
1614381090,3750,5516011,154.27,0
1614381091,3750,5520590,182.91,0
1614381092,3750,5524525,437.09,0
1614381093,3750,5529933,347.55,0
1614381094,3750,5535481,163.42,0
1614381095,3750,5541156,155.99,0
1614381096,3750,5546059,159.26,0
1614381097,3750,5549601,409.46,0
1614381098,3750,5555118,383.98,0
1614381099,3750,5560384,177.34,0
1614381100,3750,5566072,159.03,0
1614381101,3750,5570805,179.25,0
1614381102,3750,5575032,441.47,0
1614381103,3800,5580121,345.98,0
1614381104,3800,5585808,166.24,0
1614381105,3800,5591635,140.27,0
1614381106,3800,5596305,180.63,0
1614381107,3800,5600569,449.01,0
1614381108,3800,5605665,345.46,0
1614381109,3800,5611185,178.17,0
1614381110,3800,5616794,150.82,0
1614381111,3800,5621727,174.20,0
1614381112,3800,5625696,435.70,0
1614381113,3800,5630643,378.11,0
1614381114,3800,5636599,163.54,0
1614381115,3800,5642432,135.44,0
1614381116,3800,5647079,154.88,0
1614381117,3800,5651422,445.30,0
1614381118,3800,5656593,347.71,0
1614381119,3800,5662266,151.24,0
1614381120,3800,5668164,133.05,0
1614381121,3800,5672835,164.98,0
1614381122,3800,5677318,425.58,0
1614381123,3800,5682248,374.06,0
1614381124,3800,5687867,161.80,0
1614381125,3800,5693753,139.58,0
1614381126,3800,5698717,184.74,0
1614381127,3800,5702403,462.66,0
1614381128,3800,5707786,350.07,0
1614381129,3800,5713404,149.03,0
1614381130,3800,5719236,150.83,0
1614381131,3800,5723819,186.55,0
1614381132,3800,5728009,479.46,0
1614381133,3800,5733186,321.36,0
1614381134,3800,5738438,180.24,0
1614381135,3800,5744311,154.81,0
1614381136,3800,5749273,199.68,0
1614381137,3800,5753437,455.69,0
1614381138,3800,5758218,342.37,0
1614381139,3800,5763777,200.01,0
1614381140,3800,5769506,152.28,0
1614381141,3800,5774148,178.58,0
1614381142,3800,5778296,451.96,0
1614381143,3800,5783054,379.58,0
1614381144,3800,5788869,171.31,0
1614381145,3800,5794823,141.88,0
1614381146,3800,5799692,161.36,0
1614381147,3800,5803669,459.53,0
1614381148,3800,5808614,382.15,0
1614381149,3800,5814170,184.98,0
1614381150,3800,5819933,152.65,0
1614381151,3800,5824831,166.81,0
1614381152,3800,5828620,471.95,0
1614381153,3800,5833582,378.72,0
1614381154,3800,5839221,183.85,0
1614381155,3800,5845086,155.99,0
1614381156,3800,5850174,155.77,0
1614381157,3800,5853565,407.58,0
1614381158,3800,5858794,453.74,0
1614381159,3800,5863932,199.12,0
1614381160,3800,5869894,150.65,0
1614381161,3800,5874755,177.65,0
1614381162,3800,5878694,463.82,0
1614381163,3800,5883836,352.04,0
1614381164,3800,5889452,161.92,0
1614381165,3800,5895455,141.97,0
1614381166,3800,5900148,179.00,0
1614381167,3800,5904218,428.60,0
1614381168,3800,5909371,382.25,0
1614381169,3800,5914910,157.98,0
1614381170,3800,5920609,152.45,0
1614381171,3800,5926692,137.39,0
1614381172,3800,5930238,386.61,0
1614381173,3800,5934792,381.85,0
1614381174,3800,5939773,263.78,0
1614381175,3800,5945482,199.70,0
1614381176,3800,5951387,157.29,0
1614381177,3800,5955607,196.62,0
1614381178,3800,5960002,477.90,0
1614381179,3800,5964879,326.94,0
1614381180,3800,5970844,153.10,0
1614381181,3800,5976938,143.15,0
1614381182,3800,5981082,224.04,0
1614381183,3800,5984965,445.56,0
1614381184,3800,5990436,337.31,0
1614381185,3800,5996293,171.14,0
1614381186,3800,6002046,152.95,0
1614381187,3800,6006476,200.95,0
1614381188,3800,6010648,491.67,0
1614381189,3800,6015685,315.16,0
1614381190,3800,6021447,175.19,0
1614381191,3800,6027298,149.00,0
1614381192,3800,6031306,263.98,0
1614381193,3800,6035800,433.40,0
1614381194,3800,6040743,322.49,0
1614381195,3800,6046764,155.72,0
1614381196,3800,6052589,151.22,0
1614381197,3800,6057137,190.81,0
1614381198,3800,6061495,443.79,0
1614381199,3800,6066339,373.76,0
1614381200,3800,6072012,172.32,0
1614381201,3800,6077679,150.31,0
1614381202,3800,6083068,152.23,0
1614381203,3850,6086972,451.33,0
1614381204,3850,6091085,377.62,0
1614381205,3850,6096697,231.78,0
1614381206,3850,6102933,164.62,0
1614381207,3850,6108781,154.79,0
1614381208,3850,6112541,367.10,0
1614381209,3850,6116678,467.79,0
1614381210,3850,6122339,236.94,0
1614381211,3850,6127973,163.28,0
1614381212,3850,6134100,159.87,0
1614381213,3850,6137695,318.95,0
1614381214,3850,6141996,432.52,0
1614381215,3850,6147605,290.69,0
1614381216,3850,6153463,171.15,0
1614381217,3850,6159351,134.00,0
1614381218,3850,6163900,257.23,0
1614381219,3850,6167586,466.07,0
1614381220,3850,6173132,318.31,0
1614381221,3850,6179052,153.71,0
1614381222,3850,6185043,149.51,0
1614381223,3850,6189224,205.41,0
1614381224,3850,6192680,506.69,0
1614381225,3850,6198704,327.82,0
1614381226,3850,6204524,176.56,0
1614381227,3850,6210524,163.61,0
1614381228,3850,6214458,290.93,0
1614381229,3850,6217926,544.58,0
1614381230,3850,6223675,278.56,0
1614381231,3850,6229504,172.92,0
1614381232,3850,6235360,154.97,0
1614381233,3850,6239284,412.08,0
1614381234,3850,6243205,409.36,0
1614381235,3850,6248650,269.95,0
1614381236,3850,6254679,182.94,0
1614381237,3850,6260528,162.57,0
1614381238,3850,6264298,331.68,0
1614381239,3850,6268249,532.67,0
1614381240,3850,6273925,239.18,0
1614381241,3850,6280001,169.70,0
1614381242,3850,6285855,146.46,0
1614381243,3850,6289389,357.17,0
1614381244,3850,6293626,462.45,0
1614381245,3850,6299300,256.50,0
1614381246,3850,6304928,184.22,0
1614381247,3850,6311015,164.71,0
1614381248,3850,6315215,291.89,0
1614381249,3850,6318870,446.80,0
1614381250,3850,6324246,329.92,0
1614381251,3850,6330083,181.45,0
1614381252,3850,6336088,153.34,0
1614381253,3850,6340617,221.24,0
1614381254,3850,6344752,457.17,0
1614381255,3850,6349906,357.64,0
1614381256,3850,6355596,170.61,0
1614381257,3850,6361375,164.75,0
1614381258,3850,6365734,213.88,0
1614381259,3850,6369763,463.54,0
1614381260,3850,6375078,364.88,0
1614381261,3850,6380772,172.72,0
1614381262,3850,6386633,151.39,0
1614381263,3850,6391093,173.84,0
1614381264,3850,6395565,449.53,0
1614381265,3850,6400625,387.98,0
1614381266,3850,6406285,191.56,0
1614381267,3850,6411921,161.25,0
1614381268,3850,6416591,194.38,0
1614381269,3850,6420011,445.23,0
1614381270,3850,6425436,426.43,0
1614381271,3850,6431027,174.71,0
1614381272,3850,6437119,145.49,0
1614381273,3850,6441940,170.42,0
1614381274,3850,6445961,457.77,0
1614381275,3850,6450711,430.78,0
1614381276,3850,6456320,193.00,0
1614381277,3850,6462050,163.26,0
1614381278,3850,6467729,141.91,0
1614381279,3850,6471399,432.77,0
1614381280,3850,6475559,400.81,0
1614381281,3850,6481320,242.24,0
1614381282,3850,6487059,177.66,0
1614381283,3850,6493183,155.78,0
1614381284,3850,6496849,339.59,0
1614381285,3850,6500972,529.66,0
1614381286,3850,6507013,204.61,0
1614381287,3850,6512784,158.14,0
1614381288,3850,6518501,156.05,0
1614381289,3850,6522420,389.82,0
1614381290,3850,6526615,436.72,0
1614381291,3850,6531990,219.16,0
1614381292,3850,6537928,176.70,0
1614381293,3850,6543541,157.28,0
1614381294,3850,6547388,395.41,0
1614381295,3850,6551412,434.38,0
1614381296,3850,6557305,251.71,0
1614381297,3850,6563059,167.00,0
1614381298,3850,6569094,150.21,0
1614381299,3850,6572604,343.74,0
1614381300,3850,6577277,444.76,0
1614381301,3850,6582628,244.48,0
1614381302,3850,6588341,187.94,0
1614381303,3900,6594218,164.88,0
1614381304,3900,6598414,305.48,0
1614381305,3900,6602232,510.16,0
1614381306,3900,6607769,294.32,0
1614381307,3900,6613414,192.93,0
1614381308,3900,6619513,163.78,0
1614381309,3900,6623201,385.94,0
1614381310,3900,6627174,435.95,0
1614381311,3900,6632966,302.79,0
1614381312,3900,6638846,159.70,0
1614381313,3900,6644700,154.15,0
1614381314,3900,6648348,390.78,0
1614381315,3900,6652873,454.03,0
1614381316,3900,6658112,246.93,0
1614381317,3900,6664051,186.61,0
1614381318,3900,6670134,161.75,0
1614381319,3900,6674189,335.02,0
1614381320,3900,6677946,450.84,0
1614381321,3900,6683637,302.18,0
1614381322,3900,6689684,179.09,0
1614381323,3900,6695653,146.76,0
1614381324,3900,6699899,317.50,0
1614381325,3900,6703636,525.41,0
1614381326,3900,6709246,311.86,0
1614381327,3900,6715227,172.85,0
1614381328,3900,6721198,150.14,0
1614381329,3900,6724834,324.24,0
1614381330,3900,6729313,479.25,0
1614381331,3900,6734707,264.15,0
1614381332,3900,6740271,181.35,0
1614381333,3900,6746126,174.51,0
1614381334,3900,6750300,320.20,0
1614381335,3900,6754610,462.18,0
1614381336,3900,6759978,286.53,0
1614381337,3900,6766051,168.56,0
1614381338,3900,6772053,146.38,0
1614381339,3900,6776033,317.32,0
1614381340,3900,6779825,538.05,0
1614381341,3900,6785385,274.04,0
1614381342,3900,6791536,182.12,0
1614381343,3900,6797064,152.43,0
1614381344,3900,6800928,404.53,0
1614381345,3900,6805077,455.06,0
1614381346,3900,6810775,230.97,0
1614381347,3900,6816805,180.25,0
1614381348,3900,6822110,168.96,0
1614381349,3900,6825828,441.42,0
1614381350,3900,6830328,472.18,0
1614381351,3900,6835892,224.97,0
1614381352,3900,6841746,171.17,0
1614381353,3900,6847638,161.61,0
1614381354,3900,6851155,449.94,0
1614381355,3900,6855713,438.94,0
1614381356,3900,6861434,221.50,0
1614381357,3900,6867259,165.56,0
1614381358,3900,6873201,162.88,0
1614381359,3900,6876968,387.90,0
1614381360,3900,6881475,458.50,0
1614381361,3900,6886933,250.65,0
1614381362,3900,6892703,186.45,0
1614381363,3900,6898647,157.19,0
1614381364,3900,6902304,368.50,0
1614381365,3900,6906324,436.74,0
1614381366,3900,6912007,285.85,0
1614381367,3900,6918202,174.47,0
1614381368,3900,6924221,149.76,0
1614381369,3900,6927951,361.02,0
1614381370,3900,6931996,486.01,0
1614381371,3900,6937602,268.74,0
1614381372,3900,6943430,172.65,0
1614381373,3900,6949652,157.10,0
1614381374,3900,6953064,303.96,0
1614381375,3900,6957492,463.39,0
1614381376,3900,6962988,297.89,0
1614381377,3900,6968761,207.90,0
1614381378,3900,6974638,176.07,0
1614381379,3900,6978671,265.90,0
1614381380,3900,6982941,502.50,0
1614381381,3900,6988013,312.54,0
1614381382,3900,6993922,188.27,0
1614381383,3900,6999744,173.21,0
1614381384,3900,7003790,247.87,0
1614381385,3900,7008358,447.78,0
1614381386,3900,7013677,334.71,0
1614381387,3900,7019573,171.02,0
1614381388,3900,7025330,148.06,0
1614381389,3900,7030263,191.60,0
1614381390,3900,7034442,492.15,0
1614381391,3900,7039592,340.84,0
1614381392,3900,7045118,196.47,0
1614381393,3900,7050771,181.32,0
1614381394,3900,7055585,206.01,0
1614381395,3900,7059384,487.68,0
1614381396,3900,7064121,436.43,0
1614381397,3900,7069894,200.03,0
1614381398,3900,7075895,151.57,0
1614381399,3900,7080605,197.15,0
1614381400,3900,7084276,493.46,0
1614381401,3900,7089557,409.49,0
1614381402,3900,7095342,176.72,0
1614381403,3950,7101365,154.58,0
1614381404,3950,7106366,186.61,0
1614381405,3950,7110401,475.58,0
1614381406,3950,7115231,411.85,0
1614381407,3950,7120884,197.16,0
1614381408,3950,7126978,165.47,0
1614381409,3950,7132047,174.68,0
1614381410,3950,7135626,465.98,0
1614381411,3950,7140436,458.49,0
1614381412,3950,7146091,199.26,0
1614381413,3950,7152116,171.60,0
1614381414,3950,7157235,160.22,0
1614381415,3950,7161327,471.70,0
1614381416,3950,7165931,420.00,0
1614381417,3950,7171736,217.11,0
1614381418,3950,7177812,169.33,0
1614381419,3950,7182867,168.79,0
1614381420,3950,7186493,492.15,0
1614381421,3950,7191612,423.54,0
1614381422,3950,7197650,185.04,0
1614381423,3950,7203553,162.52,0
1614381424,3950,7208194,212.20,0
1614381425,3950,7212110,545.63,0
1614381426,3950,7217358,379.42,0
1614381427,3950,7223085,175.12,0
1614381428,3950,7229021,163.87,0
1614381429,3950,7233585,181.33,0
1614381430,3950,7238091,450.41,0
1614381431,3950,7243083,396.91,0
1614381432,3950,7248708,205.19,0
1614381433,3950,7254537,149.48,0
1614381434,3950,7259494,169.62,0
1614381435,3950,7263357,491.01,0
1614381436,3950,7268610,426.81,0
1614381437,3950,7274257,182.44,0
1614381438,3950,7280102,172.01,0
1614381439,3950,7285007,192.78,0
1614381440,3950,7289038,511.78,0
1614381441,3950,7293774,384.88,0
1614381442,3950,7299888,188.89,0
1614381443,3950,7305831,164.66,0
1614381444,3950,7310444,185.96,0
1614381445,3950,7314596,455.05,0
1614381446,3950,7320166,388.55,0
1614381447,3950,7325722,186.88,0
1614381448,3950,7331249,174.86,0
1614381449,3950,7335923,196.30,0
1614381450,3950,7340211,510.48,0
1614381451,3950,7345276,339.85,0
1614381452,3950,7351322,186.46,0
1614381453,3950,7357290,169.33,0
1614381454,3950,7361553,219.03,0
1614381455,3950,7365976,449.12,0
1614381456,3950,7371149,401.53,0
1614381457,3950,7376452,223.22,0
1614381458,3950,7382211,184.61,0
1614381459,3950,7386840,222.22,0
1614381460,3950,7390968,495.93,0
1614381461,3950,7395781,408.78,0
1614381462,3950,7401423,191.56,0
1614381463,3950,7407397,182.75,0
1614381464,3950,7412224,180.90,0
1614381465,3950,7416312,470.94,0
1614381466,3950,7421402,405.74,0
1614381467,3950,7427092,198.76,0
1614381468,3950,7432641,181.80,0
1614381469,3950,7437558,172.30,0
1614381470,3950,7441930,453.98,0
1614381471,3950,7446319,443.29,0
1614381472,3950,7452261,192.32,0
1614381473,3950,7458338,161.60,0
1614381474,3950,7463088,187.45,0
1614381475,3950,7466631,489.05,0
1614381476,3950,7472303,408.75,0
1614381477,3950,7477657,202.42,0
1614381478,3950,7483501,169.97,0
1614381479,3950,7488139,229.49,0
1614381480,3950,7492005,477.90,0
1614381481,3950,7497508,366.45,0
1614381482,3950,7503366,181.52,0
1614381483,3950,7509339,158.55,0
1614381484,3950,7513651,234.29,0
1614381485,3950,7518230,481.02,0
1614381486,3950,7523262,324.29,0
1614381487,3950,7529004,180.67,0
1614381488,3950,7535116,161.32,0
1614381489,3950,7539762,234.33,0
1614381490,3950,7543859,485.50,0
1614381491,3950,7548839,366.24,0
1614381492,3950,7554805,174.63,0
1614381493,3950,7560850,167.08,0
1614381494,3950,7565176,183.88,0
1614381495,3950,7569310,503.74,0
1614381496,3950,7574750,378.24,0
1614381497,3950,7580449,187.11,0
1614381498,3950,7586232,166.89,0
1614381499,3950,7590977,230.57,0
1614381500,3950,7594909,508.39,0
1614381501,3950,7600040,384.91,0
1614381502,3950,7605606,207.72,0
1614381503,4000,7611544,174.59,0
1614381504,4000,7615880,226.09,0
1614381505,4000,7619972,495.71,0
1614381506,4000,7624845,437.02,0
1614381507,4000,7630852,198.69,0
1614381508,4000,7636906,162.16,0
1614381509,4000,7641112,183.27,0
1614381510,4000,7645530,497.37,0
1614381511,4000,7650624,397.91,0
1614381512,4000,7656446,215.00,0
1614381513,4000,7662335,183.44,0
1614381514,4000,7666755,226.93,0
1614381515,4000,7670803,483.26,0
1614381516,4000,7676184,407.00,0
1614381517,4000,7681649,193.48,0
1614381518,4000,7687654,187.87,0
1614381519,4000,7692669,188.47,0
1614381520,4000,7696187,447.66,0
1614381521,4000,7701379,488.43,0
1614381522,4000,7707061,210.59,0
1614381523,4000,7713013,168.84,0
1614381524,4000,7717302,205.44,0
1614381525,4000,7721563,503.06,0
1614381526,4000,7726869,393.51,0
1614381527,4000,7732725,186.75,0
1614381528,4000,7738539,167.26,0
1614381529,4000,7742710,215.80,0
1614381530,4000,7746965,491.25,0
1614381531,4000,7752612,374.11,0
1614381532,4000,7758425,190.65,0
1614381533,4000,7764288,172.57,0
1614381534,4000,7768466,245.76,0
1614381535,4000,7772696,525.11,0
1614381536,4000,7777956,356.48,0
1614381537,4000,7783975,182.26,0
1614381538,4000,7789741,176.41,0
1614381539,4000,7794014,221.33,0
1614381540,4000,7798177,498.45,0
1614381541,4000,7803495,382.22,0
1614381542,4000,7809488,188.93,0
1614381543,4000,7815328,174.98,0
1614381544,4000,7819792,208.77,0
1614381545,4000,7824083,478.64,0
1614381546,4000,7829386,399.93,0
1614381547,4000,7835014,202.30,0
1614381548,4000,7840774,171.00,0
1614381549,4000,7845337,195.42,0
1614381550,4000,7849610,467.17,0
1614381551,4000,7854702,422.67,0
1614381552,4000,7860620,199.58,0
1614381553,4000,7866450,189.76,0
1614381554,4000,7871743,172.49,0
1614381555,4000,7875436,442.39,0
1614381556,4000,7879988,500.84,0
1614381557,4000,7885723,206.15,0
1614381558,4000,7891918,178.32,0
1614381559,4000,7897284,163.79,0
1614381560,4000,7901486,460.93,0
1614381561,4000,7905397,496.57,0
1614381562,4000,7911115,252.10,0
1614381563,4000,7917175,179.00,0
1614381564,4000,7923287,165.33,0
1614381565,4000,7926630,394.21,0
1614381566,4000,7930893,562.42,0
1614381567,4000,7936794,213.03,0
1614381568,4000,7942912,168.71,0
1614381569,4000,7948251,163.24,0
1614381570,4000,7952085,451.12,0
1614381571,4000,7956695,470.14,0
1614381572,4000,7962385,218.14,0
1614381573,4000,7968575,171.48,0
1614381574,4000,7974023,174.72,0
1614381575,4000,7977471,439.95,0
1614381576,4000,7982129,483.28,0
1614381577,4000,7987942,233.38,0
1614381578,4000,7993820,176.97,0
1614381579,4000,7999683,159.92,0
1614381580,4000,8003584,454.68,0
1614381581,4000,8007821,439.58,0
1614381582,4000,8013347,256.34,0
1614381583,4000,8019505,181.95,0
1614381584,4000,8025514,165.45,0
1614381585,4000,8029221,398.09,0
1614381586,4000,8033443,561.26,0
1614381587,4000,8039277,231.63,0
1614381588,4000,8045214,172.37,0
1614381589,4000,8050530,181.39,0
1614381590,4000,8054582,462.85,0
1614381591,4000,8058910,465.82,0
1614381592,4000,8064734,232.87,0
1614381593,4000,8070610,181.74,0
1614381594,4000,8076069,169.03,0
1614381595,4000,8080079,456.59,0
1614381596,4000,8084591,495.81,0
1614381597,4000,8090247,212.57,0
1614381598,4000,8096220,174.78,0
1614381599,4000,8101619,164.58,0
1614381600,4000,8105388,454.14,0
1614381601,4000,8110004,438.59,0
1614381602,4000,8115910,233.80,0
1614381603,4050,8121859,184.60,0
1614381604,4050,8127335,167.85,0
1614381605,4050,8131049,486.52,0
1614381606,4050,8135780,490.58,0
1614381607,4050,8141795,200.57,0
1614381608,4050,8147950,166.63,0
1614381609,4050,8153110,163.91,0
1614381610,4050,8157202,501.91,0
1614381611,4050,8161882,430.57,0
1614381612,4050,8167460,243.39,0
1614381613,4050,8173526,191.21,0
1614381614,4050,8178484,179.01,0
1614381615,4050,8182670,493.66,0
1614381616,4050,8187107,463.95,0
1614381617,4050,8192986,207.17,0
1614381618,4050,8199215,179.65,0
1614381619,4050,8204413,176.54,0
1614381620,4050,8208456,466.37,0
1614381621,4050,8212509,510.65,0
1614381622,4050,8218499,240.30,0
1614381623,4050,8224517,193.83,0
1614381624,4050,8230431,169.71,0
1614381625,4050,8234630,411.82,0
1614381626,4050,8238134,526.57,0
1614381627,4050,8243933,287.35,0
1614381628,4050,8249955,198.70,0
1614381629,4050,8256113,181.76,0
1614381630,4050,8259754,369.88,0
1614381631,4050,8263949,613.87,0
1614381632,4050,8269631,223.90,0
1614381633,4050,8275623,184.60,0
1614381634,4050,8281256,177.22,0
1614381635,4050,8284797,494.42,0
1614381636,4050,8289382,461.92,0
1614381637,4050,8295276,229.23,0
1614381638,4050,8301253,187.10,0
1614381639,4050,8306911,174.82,0
1614381640,4050,8310788,487.85,0
1614381641,4050,8315483,470.87,0
1614381642,4050,8321628,191.48,0
1614381643,4050,8327391,181.58,0
1614381644,4050,8332134,183.52,0
1614381645,4050,8336501,511.18,0
1614381646,4050,8340789,457.91,0
1614381647,4050,8346646,238.02,0
1614381648,4050,8352727,170.89,0
1614381649,4050,8358395,170.34,0
1614381650,4050,8361969,481.21,0
1614381651,4050,8366772,485.02,0
1614381652,4050,8372845,210.15,0
1614381653,4050,8378891,159.27,0
1614381654,4050,8383351,205.67,0
1614381655,4050,8387372,503.90,0
1614381656,4050,8392694,435.51,0
1614381657,4050,8398030,229.28,0
1614381658,4050,8404045,193.46,0
1614381659,4050,8409057,201.44,0
1614381660,4050,8412667,524.06,0
1614381661,4050,8418188,412.98,0
1614381662,4050,8423724,205.53,0
1614381663,4050,8429869,158.42,0
1614381664,4050,8434414,238.53,0
1614381665,4050,8438486,499.75,0
1614381666,4050,8443587,423.32,0
1614381667,4050,8449452,195.70,0
1614381668,4050,8455477,169.91,0
1614381669,4050,8460004,183.36,0
1614381670,4050,8464239,525.22,0
1614381671,4050,8469113,457.62,0
1614381672,4050,8474796,220.64,0
1614381673,4050,8480598,175.36,0
1614381674,4050,8485686,196.63,0
1614381675,4050,8489850,489.62,0
1614381676,4050,8494273,448.20,0
1614381677,4050,8500086,220.79,0
1614381678,4050,8506296,168.47,0
1614381679,4050,8511958,184.70,0
1614381680,4050,8515474,476.94,0
1614381681,4050,8519798,477.83,0
1614381682,4050,8525533,259.99,0
1614381683,4050,8531515,188.86,0
1614381684,4050,8537485,171.51,0
1614381685,4050,8541524,422.71,0
1614381686,4050,8545754,543.79,0
1614381687,4050,8551283,211.51,0
1614381688,4050,8557380,177.44,0
1614381689,4050,8563250,167.31,0
1614381690,4050,8567192,452.28,0
1614381691,4050,8571356,485.45,0
1614381692,4050,8577246,227.90,0
1614381693,4050,8583538,172.92,0
1614381694,4050,8588869,180.00,0
1614381695,4050,8592706,443.85,0
1614381696,4050,8597154,498.36,0
1614381697,4050,8603221,211.37,0
1614381698,4050,8609172,183.68,0
1614381699,4050,8614899,164.01,0
1614381700,4050,8618679,435.53,0
1614381701,4050,8623201,536.39,0
1614381702,4050,8629017,193.89,0
1614381703,4100,8635178,183.05,0
1614381704,4100,8640322,206.22,0
1614381705,4100,8644430,497.36,0
1614381706,4100,8649374,426.75,0
1614381707,4100,8655491,194.54,0
1614381708,4100,8661222,196.84,0
1614381709,4100,8666435,195.38,0
1614381710,4100,8669989,558.22,0
1614381711,4100,8675172,440.30,0
1614381712,4100,8681072,195.91,0
1614381713,4100,8687133,168.12,0
1614381714,4100,8691422,188.21,0
1614381715,4100,8696061,488.47,0
1614381716,4100,8701364,410.89,0
1614381717,4100,8707221,207.64,0
1614381718,4100,8713027,180.85,0
1614381719,4100,8717834,226.90,0
1614381720,4100,8721831,562.78,0
1614381721,4100,8727331,363.99,0
1614381722,4100,8733219,190.66,0
1614381723,4100,8739166,163.52,0
1614381724,4100,8743744,242.92,0
1614381725,4100,8747764,527.26,0
1614381726,4100,8753497,363.47,0
1614381727,4100,8759292,222.34,0
1614381728,4100,8764918,199.10,0
1614381729,4100,8769010,196.81,0
1614381730,4100,8773536,542.11,0
1614381731,4100,8779221,367.96,0
1614381732,4100,8784723,204.66,0
1614381733,4100,8790838,177.83,0
1614381734,4100,8795138,222.15,0
1614381735,4100,8799384,508.86,0
1614381736,4100,8804695,400.77,0
1614381737,4100,8810807,214.76,0
1614381738,4100,8816499,176.94,0
1614381739,4100,8821646,203.98,0
1614381740,4100,8825577,487.47,0
1614381741,4100,8830739,453.89,0
1614381742,4100,8836490,210.39,0
1614381743,4100,8842242,174.32,0
1614381744,4100,8847055,183.05,0
1614381745,4100,8851322,514.96,0
1614381746,4100,8856650,408.01,0
1614381747,4100,8862715,186.62,0
1614381748,4100,8868688,174.29,0
1614381749,4100,8873544,223.65,0
1614381750,4100,8877603,565.72,0
1614381751,4100,8882630,362.88,0
1614381752,4100,8888480,209.25,0
1614381753,4100,8894650,171.66,0
1614381754,4100,8898915,260.34,0
1614381755,4100,8902917,518.96,0
1614381756,4100,8908479,371.54,0
1614381757,4100,8914472,203.78,0
1614381758,4100,8920432,187.56,0
1614381759,4100,8924359,324.74,0
1614381760,4100,8928401,518.90,0
1614381761,4100,8934166,311.38,0
1614381762,4100,8940254,188.41,0
1614381763,4100,8946425,166.95,0
1614381764,4100,8950012,436.10,0
1614381765,4100,8954472,540.99,0
1614381766,4100,8960372,219.35,0
1614381767,4100,8966400,190.08,0
1614381768,4100,8971499,184.75,0
1614381769,4100,8975818,502.50,0
1614381770,4100,8980964,451.66,0
1614381771,4100,8986309,225.43,0
1614381772,4100,8992283,170.04,0
1614381773,4100,8997150,196.69,0
1614381774,4100,9001257,540.38,0
1614381775,4100,9006508,392.19,0
1614381776,4100,9012335,204.14,0
1614381777,4100,9018498,172.68,0
1614381778,4100,9023399,192.15,0
1614381779,4100,9027305,495.39,0
1614381780,4100,9032031,511.06,0
1614381781,4100,9038217,198.66,0
1614381782,4100,9044276,169.58,0
1614381783,4100,9049183,211.00,0
1614381784,4100,9053113,482.85,0
1614381785,4100,9058535,428.85,0
1614381786,4100,9063984,211.29,0
1614381787,4100,9070303,181.13,0
1614381788,4100,9074478,228.32,0
1614381789,4100,9078710,559.27,0
1614381790,4100,9084096,375.56,0
1614381791,4100,9089844,208.55,0
1614381792,4100,9095894,177.74,0
1614381793,4100,9100140,286.92,0
1614381794,4100,9104225,529.43,0
1614381795,4100,9109982,336.25,0
1614381796,4100,9115669,205.66,0
1614381797,4100,9121618,180.55,0
1614381798,4100,9125374,324.25,0
1614381799,4100,9129468,581.47,0
1614381800,4100,9135025,345.67,0
1614381801,4100,9140894,213.77,0
1614381802,4100,9146653,201.91,0
1614381803,4150,9150870,340.94,0
1614381804,4150,9154637,648.25,0
1614381805,4150,9160040,380.45,0
1614381806,4150,9165737,218.64,0
1614381807,4150,9171635,213.03,0
1614381808,4150,9175337,359.65,0
1614381809,4150,9179677,532.12,0
1614381810,4150,9184515,493.69,0
1614381811,4150,9190079,213.87,0
1614381812,4150,9196036,212.56,0
1614381813,4150,9200318,270.00,0
1614381814,4150,9204173,542.67,0
1614381815,4150,9208526,579.42,0
1614381816,4150,9214660,236.15,0
1614381817,4150,9220072,229.68,0
1614381818,4150,9224888,252.79,0
1614381819,4150,9228736,500.34,0
1614381820,4150,9232910,644.49,0
1614381821,4150,9237684,461.82,0
1614381822,4150,9242847,271.27,0
1614381823,4150,9248437,259.36,0
1614381824,4150,9252163,365.25,0
1614381825,4150,9255858,613.94,0
1614381826,4150,9259941,708.37,0
1614381827,4150,9265584,247.23,0
1614381828,4150,9271237,246.63,0
1614381829,4150,9276280,259.13,0
1614381830,4150,9280101,486.72,0
1614381831,4150,9283546,656.72,0
1614381832,4150,9288835,455.84,0
1614381833,4150,9294461,238.94,0
1614381834,4150,9299848,260.20,0
1614381835,4150,9303612,317.80,0
1614381836,4150,9306165,833.96,0
1614381837,4150,9308817,1099.55,0
1614381838,4150,9313577,802.36,0
1614381839,4150,9318386,274.31,0
1614381840,4150,9323928,251.78,0
1614381841,4150,9328196,335.58,0
1614381842,4150,9331176,602.23,0
1614381843,4150,9335784,664.84,0
1614381844,4150,9341456,293.97,0
1614381845,4150,9346747,256.04,0
1614381846,4150,9351450,264.46,0
1614381847,4150,9355444,527.11,0
1614381848,4150,9358471,625.68,0
1614381849,4150,9363909,511.60,0
1614381850,4150,9369439,257.45,0
1614381851,4150,9374503,265.98,0
1614381852,4150,9379278,300.18,0
1614381853,4150,9383208,549.05,0
1614381854,4150,9386466,643.56,0
1614381855,4150,9391261,509.61,0
1614381856,4150,9396790,270.18,0
1614381857,4150,9402085,269.07,0
1614381858,4150,9407064,285.99,0
1614381859,4150,9410387,586.80,0
1614381860,4150,9414691,538.62,0
1614381861,4150,9418431,602.02,0
1614381862,4150,9424054,292.29,0
1614381863,4150,9429456,273.87,0
1614381864,4150,9435071,276.62,0
1614381865,4150,9438462,409.62,0
1614381866,4150,9442186,644.58,0
1614381867,4150,9446261,564.69,0
1614381868,4150,9451811,378.53,0
1614381869,4150,9457153,275.02,0
1614381870,4150,9462489,270.25,0
1614381871,4150,9466428,369.93,0
1614381872,4150,9470170,653.31,0
1614381873,4150,9473767,616.01,0
1614381874,4150,9479611,329.10,0
1614381875,4150,9485171,266.29,0
1614381876,4150,9490223,277.23,0
1614381877,4150,9494635,318.13,0
1614381878,4150,9498228,598.97,0
1614381879,4150,9502087,681.40,0
1614381880,4150,9507666,359.30,0
1614381881,4150,9512905,253.43,0
1614381882,4150,9518537,277.81,0
1614381883,4150,9521962,296.68,0
1614381884,4150,9526260,637.59,0
1614381885,4150,9530096,572.14,0
1614381886,4150,9535481,399.11,0
1614381887,4150,9540791,257.45,0
1614381888,4150,9546368,252.82,0
1614381889,4150,9550193,327.86,0
1614381890,4150,9553931,714.96,0
1614381891,4150,9557599,578.23,0
1614381892,4150,9561770,614.92,0
1614381893,4150,9566514,346.20,0
1614381894,4150,9571564,383.22,0
1614381895,4150,9575871,383.15,0
1614381896,4150,9579009,672.35,0
1614381897,4150,9582343,709.86,0
1614381898,4150,9585371,712.05,0
1614381899,4150,9591233,394.72,0
1614381900,4150,9596512,294.16,0
1614381901,4150,9601848,279.85,0
1614381902,4150,9604916,398.36,0
1614381903,4200,9609201,673.93,0
1614381904,4200,9612616,689.21,0
1614381905,4200,9617907,356.82,0
1614381906,4200,9623606,274.76,0
1614381907,4200,9628881,298.35,0
1614381908,4200,9632244,394.40,0
1614381909,4200,9636005,668.48,0
1614381910,4200,9640106,624.24,0
1614381911,4200,9644980,513.93,0
1614381912,4200,9650218,292.43,0
1614381913,4200,9655545,275.64,0
1614381914,4200,9659774,311.30,0
1614381915,4200,9663585,587.28,0
1614381916,4200,9667500,602.25,0
1614381917,4200,9671809,533.58,0
1614381918,4200,9677668,303.34,0
1614381919,4200,9682858,290.19,0
1614381920,4200,9687892,291.12,0
1614381921,4200,9691457,547.26,0
1614381922,4200,9694885,667.72,0
1614381923,4200,9699773,544.05,0
1614381924,4200,9705457,257.91,0
1614381925,4200,9710847,283.65,0
1614381926,4200,9715219,306.55,0
1614381927,4200,9718957,649.98,0
1614381928,4200,9722846,533.65,0
1614381929,4200,9727633,541.06,0
1614381930,4200,9732827,256.64,0
1614381931,4200,9738220,300.21,0
1614381932,4200,9742912,300.09,0
1614381933,4200,9746291,560.78,0
1614381934,4200,9750087,667.34,0
1614381935,4200,9755188,461.60,0
1614381936,4200,9760677,264.26,0
1614381937,4200,9766360,282.30,0
1614381938,4200,9770289,326.55,0
1614381939,4200,9774443,606.27,0
1614381940,4200,9777786,574.48,0
1614381941,4200,9783093,444.60,0
1614381942,4200,9788625,299.42,0
1614381943,4200,9794232,263.25,0
1614381944,4200,9797757,471.60,0
1614381945,4200,9801386,631.72,0
1614381946,4200,9805562,610.13,0
1614381947,4200,9810922,334.28,0
1614381948,4200,9816319,286.11,0
1614381949,4200,9821766,271.83,0
1614381950,4200,9824647,434.89,0
1614381951,4200,9827450,1006.33,0
1614381952,4200,9831386,787.63,0
1614381953,4200,9836779,409.69,0
1614381954,4200,9842004,272.46,0
1614381955,4200,9847274,284.54,0
1614381956,4200,9851685,345.13,0
1614381957,4200,9855198,606.25,0
1614381958,4200,9859318,612.42,0
1614381959,4200,9864376,455.13,0
1614381960,4200,9869717,271.76,0
1614381961,4200,9874949,278.31,0
1614381962,4200,9879183,312.10,0
1614381963,4200,9882449,620.85,0
1614381964,4200,9886545,705.45,0
1614381965,4200,9890324,609.79,0
1614381966,4200,9896064,344.59,0
1614381967,4200,9901220,332.12,0
1614381968,4200,9906286,270.87,0
1614381969,4200,9909929,527.83,0
1614381970,4200,9913723,595.49,0
1614381971,4200,9917359,586.75,0
1614381972,4200,9922772,411.51,0
1614381973,4200,9928249,284.12,0
1614381974,4200,9933670,282.06,0
1614381975,4200,9937531,331.09,0
1614381976,4200,9941577,604.16,0
1614381977,4200,9944682,699.14,0
1614381978,4200,9950486,418.16,0
1614381979,4200,9955867,280.27,0
1614381980,4200,9961473,280.84,0
1614381981,4200,9965480,347.29,0
1614381982,4200,9969236,654.11,0
1614381983,4200,9972730,622.72,0
1614381984,4200,9977915,423.91,0
1614381985,4200,9983447,284.44,0
1614381986,4200,9989002,292.63,0
1614381987,4200,9992598,439.32,0
1614381988,4200,9995863,625.90,0
1614381989,4200,9999644,653.42,0
1614381990,4200,10005539,386.34,0
1614381991,4200,10010960,274.93,0
1614381992,4200,10016209,291.68,0
1614381993,4200,10019422,447.25,0
1614381994,4200,10023231,670.26,0
1614381995,4200,10027092,638.38,0
1614381996,4200,10032613,351.04,0
1614381997,4200,10038170,292.97,0
1614381998,4200,10043454,281.47,0
1614381999,4200,10047058,341.03,0
1614382000,4200,10051345,638.45,0
1614382001,4200,10054942,630.41,0
1614382002,4300,10060544,374.61,0
1614382003,4300,10065310,298.54,0
1614382004,4300,10070938,307.67,0
1614382005,4300,10074243,430.54,0
1614382006,4300,10078399,699.70,0
1614382007,4300,10081833,754.39,0
1614382008,4300,10087055,443.98,0
1614382009,4300,10092289,322.51,0
1614382010,4300,10097381,359.55,0
1614382011,4300,10101128,371.86,0
1614382012,4300,10105195,646.18,0
1614382013,4300,10108653,695.62,0
1614382014,4300,10114005,427.36,0
1614382015,4300,10119333,322.04,0
1614382016,4300,10124900,290.45,0
1614382017,4300,10128446,412.11,0
1614382018,4300,10132291,684.20,0
1614382019,4300,10136444,668.05,0
1614382020,4300,10141820,324.64,0
1614382021,4300,10147124,283.66,0
1614382022,4300,10152348,317.44,0
1614382023,4300,10155730,573.24,0
1614382024,4300,10158874,675.44,0
1614382025,4300,10164479,559.74,0
1614382026,4300,10169693,297.82,0
1614382027,4300,10174909,302.70,0
1614382028,4300,10178964,412.01,0
1614382029,4300,10182683,618.13,0
1614382030,4300,10186474,642.05,0
1614382031,4300,10191761,520.05,0
1614382032,4300,10196909,298.42,0
1614382033,4300,10202115,348.18,0
1614382034,4300,10206507,369.94,0
1614382035,4300,10209688,615.34,0
1614382036,4300,10213358,707.05,0
1614382037,4300,10216974,737.10,0
1614382038,4300,10222295,473.57,0
1614382039,4300,10227437,308.49,0
1614382040,4300,10232759,330.55,0
1614382041,4300,10236514,393.72,0
1614382042,4300,10240161,700.00,0
1614382043,4300,10243363,667.99,0
1614382044,4300,10248563,548.92,0
1614382045,4300,10253862,332.81,0
1614382046,4300,10259016,325.99,0
1614382047,4300,10263186,363.48,0
1614382048,4300,10267095,690.40,0
1614382049,4300,10270794,540.85,0
1614382050,4300,10275872,546.08,0
1614382051,4300,10281098,295.41,0
1614382052,4300,10286606,306.50,0
1614382053,4300,10289748,354.06,0
1614382054,4300,10294285,647.33,0
1614382055,4300,10298035,572.54,0
1614382056,4300,10303419,447.23,0
1614382057,4300,10308697,289.42,0
1614382058,4300,10314232,303.14,0
1614382059,4300,10317817,429.32,0
1614382060,4300,10321855,673.71,0
1614382061,4300,10325256,631.69,0
1614382062,4300,10330913,415.22,0
1614382063,4300,10336477,301.66,0
1614382064,4300,10341580,307.79,0
1614382065,4300,10345088,436.69,0
1614382066,4300,10348166,708.61,0
1614382067,4300,10353253,674.63,0
1614382068,4300,10358319,302.43,0
1614382069,4300,10364136,280.24,0
1614382070,4300,10368328,338.33,0
1614382071,4300,10372237,544.29,0
1614382072,4300,10375789,756.23,0
1614382073,4300,10381134,446.60,0
1614382074,4300,10386570,296.16,0
1614382075,4300,10391731,324.36,0
1614382076,4300,10395497,424.86,0
1614382077,4300,10398339,834.62,0
1614382078,4300,10403399,607.29,0
1614382079,4300,10408685,288.08,0
1614382080,4300,10414345,326.30,0
1614382081,4300,10418717,307.51,0
1614382082,4300,10422168,629.60,0
1614382083,4300,10425749,786.03,0
1614382084,4300,10431379,427.34,0
1614382085,4300,10436391,292.89,0
1614382086,4300,10441850,303.44,0
1614382087,4300,10445375,389.62,0
1614382088,4300,10449341,646.38,0
1614382089,4300,10453300,665.35,0
1614382090,4300,10458697,434.59,0
1614382091,4300,10463998,297.37,0
1614382092,4300,10469141,311.31,0
1614382093,4300,10473166,336.80,0
1614382094,4300,10477325,674.30,0
1614382095,4300,10480857,644.61,0
1614382096,4300,10486189,455.12,0
1614382097,4300,10491497,283.79,0
1614382098,4300,10496816,311.54,0
1614382099,4300,10501276,342.94,0
1614382100,4300,10504942,654.03,0
1614382101,4300,10508443,623.91,0
1614382102,4400,10513626,537.76,0
1614382103,4400,10518715,328.75,0
1614382104,4400,10523161,450.77,0
1614382105,4400,10527513,394.92,0
1614382106,4400,10531158,642.06,0
1614382107,4400,10533987,787.16,0
1614382108,4400,10538623,815.52,0
1614382109,4400,10543717,325.22,0
1614382110,4400,10549035,329.40,0
1614382111,4400,10553932,318.34,0
1614382112,4400,10557723,595.65,0
1614382113,4400,10561394,661.59,0
1614382114,4400,10565244,661.32,0
1614382115,4400,10570794,370.66,0
1614382116,4400,10576684,318.57,0
1614382117,4400,10581251,354.85,0
1614382118,4400,10584628,608.51,0
1614382119,4400,10588075,704.15,0
1614382120,4400,10593177,643.81,0
1614382121,4400,10598650,328.80,0
1614382122,4400,10603830,324.62,0
1614382123,4400,10608365,331.20,0
1614382124,4400,10612161,602.23,0
1614382125,4400,10615632,694.22,0
1614382126,4400,10620163,637.32,0
1614382127,4400,10625557,370.35,0
1614382128,4400,10630642,307.73,0
1614382129,4400,10635699,345.25,0
1614382130,4400,10639198,540.83,0
1614382131,4400,10643191,721.27,0
1614382132,4400,10646987,669.98,0
1614382133,4400,10652819,347.46,0
1614382134,4400,10658167,343.83,0
1614382135,4400,10663249,355.54,0
1614382136,4400,10666788,455.11,0
1614382137,4400,10670624,659.58,0
1614382138,4400,10674031,742.46,0
1614382139,4400,10679681,436.18,0
1614382140,4400,10685061,311.67,0
1614382141,4400,10690528,303.47,0
1614382142,4400,10694486,423.89,0
1614382143,4400,10698134,720.39,0
1614382144,4400,10702431,667.82,0
1614382145,4400,10707919,342.34,0
1614382146,4400,10713522,306.31,0
1614382147,4400,10718923,313.18,0
1614382148,4400,10722102,535.11,0
1614382149,4400,10726006,658.06,0
1614382150,4400,10730483,656.54,0
1614382151,4400,10735893,372.34,0
1614382152,4400,10741176,315.69,0
1614382153,4400,10746180,340.24,0
1614382154,4400,10749625,505.89,0
1614382155,4400,10753436,692.10,0
1614382156,4400,10757846,704.08,0
1614382157,4400,10763400,307.38,0
1614382158,4400,10768511,350.39,0
1614382159,4400,10773761,324.59,0
1614382160,4400,10777335,564.16,0
1614382161,4400,10780984,691.82,0
1614382162,4400,10785045,637.00,0
1614382163,4400,10790335,403.63,0
1614382164,4400,10795722,310.83,0
1614382165,4400,10800737,321.28,0
1614382166,4400,10804602,520.41,0
1614382167,4400,10808193,673.43,0
1614382168,4400,10811921,713.76,0
1614382169,4400,10817996,360.62,0
1614382170,4400,10823068,346.27,0
1614382171,4400,10828264,348.37,0
1614382172,4400,10831742,539.80,0
1614382173,4400,10835925,664.87,0
1614382174,4400,10839077,654.09,0
1614382175,4400,10844387,536.49,0
1614382176,4400,10849502,352.65,0
1614382177,4400,10854683,369.32,0
1614382178,4400,10859037,381.06,0
1614382179,4400,10862711,654.93,0
1614382180,4400,10866193,669.74,0
1614382181,4400,10871015,631.70,0
1614382182,4400,10876441,319.37,0
1614382183,4400,10881885,331.21,0
1614382184,4400,10886704,321.10,0
1614382185,4400,10890188,502.79,0
1614382186,4400,10893943,791.70,0
1614382187,4400,10898135,691.99,0
1614382188,4400,10903477,308.57,0
1614382189,4400,10909267,317.59,0
1614382190,4400,10914087,321.09,0
1614382191,4400,10916649,637.60,0
1614382192,4400,10919946,1088.54,0
1614382193,4400,10924053,586.90,0
1614382194,4400,10930138,348.95,0
1614382195,4400,10935661,307.76,0
1614382196,4400,10940736,325.60,0
1614382197,4400,10944338,547.42,0
1614382198,4400,10947851,649.24,0
1614382199,4400,10952756,641.93,0
1614382200,4400,10958092,294.86,0
1614382201,4400,10963372,318.11,0
1614382202,4500,10968550,324.35,0
1614382203,4500,10972178,591.74,0
1614382204,4500,10975531,754.78,0
1614382205,4500,10980142,621.02,0
1614382206,4500,10986007,344.43,0
1614382207,4500,10991223,336.78,0
1614382208,4500,10996092,355.16,0
1614382209,4500,10999495,621.71,0
1614382210,4500,11003313,682.25,0
1614382211,4500,11008449,581.09,0
1614382212,4500,11014148,323.09,0
1614382213,4500,11019255,337.50,0
1614382214,4500,11023612,383.98,0
1614382215,4500,11027387,656.40,0
1614382216,4500,11030584,798.53,0
1614382217,4500,11035854,568.07,0
1614382218,4500,11041091,322.32,0
1614382219,4500,11046412,355.20,0
1614382220,4500,11050500,405.99,0
1614382221,4500,11054529,714.41,0
1614382222,4500,11058138,731.67,0
1614382223,4500,11062954,597.60,0
1614382224,4500,11068199,344.41,0
1614382225,4500,11073426,327.69,0
1614382226,4500,11078388,333.29,0
1614382227,4500,11082307,558.73,0
1614382228,4500,11085901,724.83,0
1614382229,4500,11090870,562.12,0
1614382230,4500,11096073,351.42,0
1614382231,4500,11101568,342.22,0
1614382232,4500,11106655,333.90,0
1614382233,4500,11110139,529.32,0
1614382234,4500,11114087,719.81,0
1614382235,4500,11119088,593.47,0
1614382236,4500,11124260,349.42,0
1614382237,4500,11129544,325.80,0
1614382238,4500,11133991,372.92,0
1614382239,4500,11137899,661.36,0
1614382240,4500,11141513,696.68,0
1614382241,4500,11147546,452.37,0
1614382242,4500,11152828,286.31,0
1614382243,4500,11158098,326.76,0
1614382244,4500,11162059,485.59,0
1614382245,4500,11165879,721.75,0
1614382246,4500,11169327,759.86,0
1614382247,4500,11174609,484.20,0
1614382248,4500,11179823,343.64,0
1614382249,4500,11185614,330.92,0
1614382250,4500,11189556,454.03,0
1614382251,4500,11193381,660.80,0
1614382252,4500,11197172,720.48,0
1614382253,4500,11202429,425.51,0
1614382254,4500,11207682,332.84,0
1614382255,4500,11212977,337.96,0
1614382256,4500,11217074,509.00,0
1614382257,4500,11220961,651.03,0
1614382258,4500,11225358,653.03,0
1614382259,4500,11230768,345.21,0
1614382260,4500,11236124,326.33,0
1614382261,4500,11240555,372.49,0
1614382262,4500,11244532,619.88,0
1614382263,4500,11248610,610.14,0
1614382264,4500,11253999,507.35,0
1614382265,4500,11259491,299.74,0
1614382266,4500,11264619,315.66,0
1614382267,4500,11268885,376.43,0
1614382268,4500,11273093,656.05,0
1614382269,4500,11276982,665.57,0
1614382270,4500,11282492,450.47,0
1614382271,4500,11287781,313.56,0
1614382272,4500,11293056,371.09,0
1614382273,4500,11296647,437.84,0
1614382274,4500,11300407,847.55,0
1614382275,4500,11304940,585.74,0
1614382276,4500,11310865,299.24,0
1614382277,4500,11316212,348.70,0
1614382278,4500,11320548,347.07,0
1614382279,4500,11324249,750.67,0
1614382280,4500,11328100,621.91,0
1614382281,4500,11333662,459.43,0
1614382282,4500,11339133,310.77,0
1614382283,4500,11344259,336.58,0
1614382284,4500,11347657,531.17,0
1614382285,4500,11351865,737.07,0
1614382286,4500,11355789,640.95,0
1614382287,4500,11361138,373.41,0
1614382288,4500,11366497,326.02,0
1614382289,4500,11371901,364.73,0
1614382290,4500,11375622,501.83,0
1614382291,4500,11379138,746.64,0
1614382292,4500,11383820,614.79,0
1614382293,4500,11389195,345.11,0
1614382294,4500,11394588,336.19,0
1614382295,4500,11399790,353.92,0
1614382296,4500,11403245,606.15,0
1614382297,4500,11406994,702.24,0
1614382298,4500,11412010,582.40,0
1614382299,4500,11417572,316.78,0
1614382300,4500,11422866,332.63,0
1614382301,4500,11427287,381.28,0
1614382302,4600,11430935,651.95,0
1614382303,4600,11434810,691.51,0
1614382305,4600,11440071,565.85,0
1614382306,4600,11445483,326.75,0
1614382307,4600,11451097,338.98,0
1614382308,4600,11454903,455.58,0
1614382309,4600,11458861,692.17,0
1614382310,4600,11462996,776.73,0
1614382311,4600,11468504,397.58,0
1614382312,4600,11473653,363.99,0
1614382313,4600,11478955,376.47,0
1614382314,4600,11482651,544.36,0
1614382315,4600,11485448,800.83,0
1614382316,4600,11489909,758.92,0
1614382317,4600,11495145,506.00,0
1614382318,4600,11500100,358.08,0
1614382319,4600,11505380,378.65,0
1614382320,4600,11509989,430.13,0
1614382321,4600,11513730,717.60,0
1614382322,4600,11517320,726.08,0
1614382323,4600,11522114,652.25,0
1614382324,4600,11527464,351.08,0
1614382325,4600,11532483,400.86,0
1614382326,4600,11536955,416.49,0
1614382327,4600,11540440,667.82,0
1614382328,4600,11544519,742.51,0
1614382329,4600,11549641,466.35,0
1614382330,4600,11555206,357.61,0
1614382331,4600,11560608,339.25,0
1614382332,4600,11564855,449.70,0
1614382333,4600,11568672,673.43,0
1614382334,4600,11572290,707.08,0
1614382335,4600,11577259,592.39,0
1614382336,4600,11583072,340.92,0
1614382337,4600,11588346,333.58,0
1614382338,4600,11592059,459.58,0
1614382339,4600,11596095,733.32,0
1614382340,4600,11599474,753.43,0
1614382341,4600,11605555,432.82,0
1614382342,4600,11610694,366.39,0
1614382343,4600,11615606,355.02,0
1614382344,4600,11619224,590.53,0
1614382345,4600,11622959,686.10,0
1614382346,4600,11627813,719.32,0
1614382347,4600,11633080,348.08,0
1614382348,4600,11638419,367.80,0
1614382349,4600,11643243,396.63,0
1614382350,4600,11646587,661.71,0
1614382351,4600,11650536,756.86,0
1614382352,4600,11655410,667.79,0
1614382353,4600,11660382,328.52,0
1614382354,4600,11665641,346.27,0
1614382355,4600,11669912,399.76,0
1614382356,4600,11673614,678.47,0
1614382357,4600,11677379,817.48,0
1614382358,4600,11682612,554.11,0
1614382359,4600,11688110,346.55,0
1614382360,4600,11693227,373.80,0
1614382361,4600,11696861,452.75,0
1614382362,4600,11699417,959.09,0
1614382363,4600,11702068,1225.27,0
1614382364,4600,11706441,973.80,0
1614382365,4600,11712245,344.28,0
1614382366,4600,11717203,393.02,0
1614382367,4600,11721601,449.08,0
1614382368,4600,11724877,766.12,0
1614382369,4600,11728453,812.73,0
1614382370,4600,11734434,395.78,0
1614382371,4600,11740133,350.53,0
1614382372,4600,11744868,344.75,0
1614382373,4600,11748527,589.38,0
1614382374,4600,11752365,805.68,0
1614382375,4600,11756407,653.94,0
1614382376,4600,11762203,397.88,0
1614382377,4600,11767074,358.36,0
1614382378,4600,11772589,365.55,0
1614382379,4600,11776463,537.84,0
1614382380,4600,11779651,724.75,0
1614382381,4600,11783861,770.03,0
1614382382,4600,11789476,403.62,0
1614382383,4600,11794529,385.53,0
1614382384,4600,11800230,371.57,0
1614382385,4600,11804004,490.09,0
1614382386,4600,11807318,740.43,0
1614382387,4600,11810984,822.30,0
1614382388,4600,11816133,567.78,0
1614382389,4600,11821286,399.40,0
1614382390,4600,11826355,417.33,0
1614382391,4600,11830404,430.40,0
1614382392,4600,11834014,723.74,0
1614382393,4600,11837521,813.04,0
1614382394,4600,11842253,691.72,0
1614382395,4600,11847625,372.28,0
1614382396,4600,11852546,366.11,0
1614382397,4600,11857485,379.75,0
1614382398,4600,11861066,582.82,0
1614382399,4600,11864655,893.69,0
1614382400,4600,11869322,608.32,0
1614382401,4600,11875054,373.55,0
1614382402,4600,11880203,385.17,0
1614382403,4600,11884209,385.36,0
1614382404,4600,11887959,772.76,0
1614382405,4600,11892244,668.15,0
1614382406,4600,11896917,607.13,0
1614382407,4600,11902121,352.34,0
1614382408,4600,11907151,366.32,0
1614382409,4600,11911790,402.97,0
1614382410,4600,11914776,741.66,0
1614382411,4600,11919073,817.57,0
1614382412,4600,11924024,535.49,0
1614382413,4600,11929193,313.74,0
1614382414,4600,11934584,394.93,0
1614382415,4600,11938876,364.24,0
1614382416,4600,11942586,739.14,0
1614382417,4600,11946318,790.67,0
1614382418,4600,11950941,649.47,0
1614382419,4600,11956418,347.17,0
1614382420,4600,11961437,395.20,0
1614382421,4600,11966055,395.67,0
1614382422,4600,11969449,710.49,0
1614382423,4600,11973290,743.41,0
1614382424,4600,11978193,596.47,0
1614382425,4600,11983344,348.93,0
1614382426,4600,11989022,363.97,0
1614382427,4600,11993371,440.87,0
1614382428,4600,11996974,689.02,0
1614382429,4600,12000478,735.92,0
1614382430,4600,12005413,634.42,0
1614382431,4600,12010601,371.87,0
1614382432,4600,12016103,370.09,0
1614382433,4600,12020642,353.94,0
1614382434,4600,12024290,615.62,0
1614382435,4600,12028270,827.46,0
1614382436,4600,12033091,591.58,0
1614382437,4600,12038451,359.98,0
1614382438,4600,12043740,352.39,0
1614382439,4600,12048281,406.92,0
1614382440,4600,12051468,673.13,0
1614382441,4600,12055417,732.87,0
1614382442,4600,12059849,670.79,0
1614382443,4600,12065643,355.47,0
1614382444,4600,12070929,390.43,0
1614382445,4600,12075628,356.18,0
1614382446,4600,12079368,641.97,0
1614382447,4600,12082456,721.64,0
1614382448,4600,12087455,714.56,0
1614382449,4600,12092999,372.48,0
1614382450,4600,12098079,366.26,0
1614382451,4600,12103169,359.19,0
1614382452,4600,12106759,619.86,0
1614382453,4600,12110359,811.50,0
1614382454,4600,12114453,683.19,0
1614382455,4600,12120080,435.28,0
1614382456,4600,12124947,381.43,0
1614382457,4600,12130453,396.21,0
1614382458,4600,12134111,481.86,0
1614382459,4600,12137573,819.70,0
1614382460,4600,12140264,736.71,0
1614382461,4600,12145730,688.69,0
1614382462,4600,12150811,394.67,0
1614382463,4600,12155689,416.09,0
1614382464,4600,12160257,393.43,0
1614382465,4600,12163987,724.40,0
1614382466,4600,12167482,725.46,0
1614382467,4600,12172633,656.41,0
1614382468,4600,12177769,362.68,0
1614382469,4600,12183141,372.20,0
1614382470,4600,12187903,391.60,0
1614382471,4600,12191168,633.12,0
1614382472,4600,12195353,713.91,0
1614382473,4600,12199593,688.34,0
1614382474,4600,12204866,361.92,0
1614382475,4600,12210277,375.31,0
1614382476,4600,12215466,366.30,0
1614382477,4600,12219204,636.34,0
1614382478,4600,12222824,698.20,0
1614382479,4600,12227040,688.20,0
1614382480,4600,12232489,456.13,0
1614382481,4600,12237569,356.13,0
1614382482,4600,12243088,341.95,0
1614382483,4600,12246315,589.11,0
1614382484,4600,12250194,726.69,0
1614382485,4600,12254480,706.86,0
1614382486,4600,12259871,401.07,0
1614382487,4600,12265345,345.53,0
1614382488,4600,12270486,365.60,0
1614382489,4600,12274003,542.64,0
1614382490,4600,12277824,815.92,0
1614382491,4600,12282325,649.37,0
1614382492,4600,12287977,374.86,0
1614382493,4600,12292716,393.69,0
1614382494,4600,12297584,361.25,0
1614382495,4600,12301357,610.75,0
1614382496,4600,12305047,750.07,0
1614382497,4600,12309767,677.49,0
1614382498,4600,12314717,378.93,0
1614382499,4600,12320252,369.14,0
1614382500,4600,12325046,384.20,0
1614382501,4600,12328690,614.42,0
