Seconds,Workers,Queries,Latency,Errors
1614140924,10,20,104.10,0
1614140925,10,40,103.25,0
1614140926,10,50,102.90,0
1614140927,10,70,104.65,0
1614140928,10,90,103.55,0
1614140929,10,100,102.80,0
1614140930,10,120,102.30,0
1614140931,10,140,102.60,0
1614140932,10,150,105.40,0
1614140933,10,170,103.10,0
1614140934,10,188,102.50,0
1614140935,10,200,100.60,0
1614140936,10,220,103.90,0
1614140937,10,237,101.53,0
1614140938,10,250,102.60,0
1614140939,10,270,102.20,0
1614140940,10,284,102.00,0
1614140941,10,300,104.64,0
1614140942,10,320,103.05,0
1614140943,10,334,102.29,0
1614140944,10,350,101.58,0
1614140945,10,370,102.80,0
1614140946,10,381,102.36,0
1614140947,10,400,104.50,0
1614140948,10,420,102.90,0
1614140949,10,430,106.40,0
1614140950,10,450,103.50,0
1614140951,10,470,102.25,0
1614140952,10,480,101.60,0
1614140953,15,500,100.94,0
1614140954,15,530,102.17,0
1614140955,15,550,104.75,0
1614140956,15,575,103.38,0
1614140957,15,605,102.87,0
1614140958,15,625,104.00,0
1614140959,15,650,103.92,0
1614140960,15,680,102.17,0
1614140961,15,700,101.75,0
1614140962,15,725,101.40,0
1614140963,15,754,102.48,0
1614140964,15,775,102.55,0
1614140965,15,800,101.16,0
1614140966,15,829,102.24,0
1614140967,15,850,101.55,0
1614140968,15,875,103.20,0
1614140969,15,904,101.86,0
1614140970,15,924,100.89,0
1614140971,15,950,101.44,0
1614140972,15,978,103.21,0
1614140973,15,998,103.74,0
1614140974,15,1025,101.72,0
1614140975,15,1052,101.04,0
1614140976,15,1072,102.06,0
1614140977,15,1100,101.52,0
1614140978,15,1126,102.46,0
1614140979,15,1147,100.75,0
1614140980,15,1175,102.92,0
1614140981,15,1199,102.33,0
1614140982,15,1222,102.60,0
1614140983,22,1250,103.04,0
1614140984,22,1287,102.27,0
1614140985,22,1325,102.51,0
1614140986,22,1360,104.00,0
1614140987,22,1395,102.49,0
1614140988,22,1433,103.28,0
1614140989,22,1470,102.29,0
1614140990,22,1505,103.31,0
1614140991,22,1543,102.86,0
1614140992,22,1580,103.73,0
1614140993,22,1614,101.12,0
1614140994,22,1653,103.84,0
1614140995,22,1690,103.19,0
1614140996,22,1724,102.47,0
1614140997,22,1763,103.21,0
1614140998,22,1800,103.41,0
1614140999,22,1834,102.47,0
1614141000,22,1871,102.30,0
1614141001,22,1909,103.22,0
1614141002,22,1944,102.35,0
1614141003,22,1980,102.78,0
1614141004,22,2018,101.86,0
1614141005,22,2054,103.38,0
1614141006,22,2089,102.37,0
1614141007,22,2128,103.08,0
1614141008,22,2162,104.09,0
1614141009,22,2198,103.24,0
1614141010,22,2238,104.51,0
1614141011,22,2271,101.88,0
1614141012,22,2307,103.14,0
1614141013,33,2346,103.32,0
1614141014,33,2403,102.56,0
1614141015,33,2460,102.86,0
1614141016,33,2509,102.85,0
1614141017,33,2568,102.31,0
1614141018,33,2625,102.49,0
1614141019,33,2672,102.33,0
1614141020,33,2733,103.08,0
1614141021,33,2790,102.81,0
1614141022,33,2836,102.57,0
1614141023,33,2897,103.15,0
1614141024,33,2955,102.93,0
1614141025,33,3001,102.70,0
1614141026,33,3061,103.35,0
1614141027,33,3120,102.84,0
1614141028,33,3166,103.33,0
1614141029,33,3226,103.68,0
1614141030,33,3284,103.22,0
1614141031,33,3330,102.93,0
1614141032,33,3389,102.32,0
1614141033,33,3447,102.68,0
1614141034,33,3495,102.63,0
1614141035,33,3553,101.98,0
1614141036,33,3609,102.96,0
1614141037,33,3660,103.69,0
1614141038,33,3718,102.19,0
1614141039,33,3772,102.44,0
1614141040,33,3823,103.50,0
1614141041,33,3883,103.03,0
1614141042,33,3935,102.88,0
1614141043,49,3987,102.33,0
1614141044,49,4079,103.07,0
1614141045,49,4162,102.63,0
1614141046,49,4232,102.30,0
1614141047,49,4323,102.89,0
1614141048,49,4402,102.81,0
1614141049,49,4477,102.81,0
1614141050,49,4568,102.90,0
1614141051,49,4647,102.92,0
1614141052,49,4722,103.15,0
1614141053,49,4812,102.49,0
1614141054,49,4892,102.90,0
1614141055,49,4966,103.06,0
1614141056,49,5056,102.15,0
1614141057,49,5135,102.06,0
1614141058,49,5209,102.36,0
1614141059,49,5301,102.28,0
1614141060,49,5379,103.35,0
1614141061,49,5453,103.96,0
1614141062,49,5546,102.08,0
1614141063,49,5623,102.29,0
1614141064,49,5698,102.60,0
1614141065,49,5791,102.91,0
1614141066,49,5865,103.15,0
1614141067,49,5942,103.70,0
1614141068,49,6034,102.84,0
1614141069,49,6108,102.58,0
1614141070,49,6186,103.11,0
1614141071,49,6277,103.49,0
1614141072,49,6350,102.69,0
1614141073,73,6431,102.61,0
1614141074,73,6568,103.93,0
1614141075,73,6683,103.76,0
1614141076,73,6796,102.71,0
1614141077,73,6929,102.74,0
1614141078,73,7047,102.29,0
1614141079,73,7160,102.06,0
1614141080,73,7291,102.42,0
1614141081,73,7412,102.82,0
1614141082,73,7525,103.20,0
1614141083,73,7656,103.06,0
1614141084,73,7776,101.78,0
1614141085,73,7890,102.63,0
1614141086,73,8020,102.46,0
1614141087,73,8139,101.94,0
1614141088,73,8254,102.72,0
1614141089,73,8383,102.27,0
1614141090,73,8504,102.31,0
1614141091,73,8619,102.63,0
1614141092,73,8747,102.73,0
1614141093,73,8867,103.03,0
1614141094,73,8983,102.72,0
1614141095,73,9111,102.35,0
1614141096,73,9229,102.35,0
1614141097,73,9347,102.58,0
1614141098,73,9474,102.21,0
1614141099,73,9590,102.42,0
1614141100,73,9711,101.66,0
1614141101,73,9839,102.45,0
1614141102,73,9949,102.40,0
1614141103,109,10073,102.39,0
1614141104,109,10274,102.80,0
1614141105,109,10457,102.46,0
1614141106,109,10617,102.48,0
1614141107,109,10814,102.71,0
1614141108,109,10998,102.52,0
1614141109,109,11161,103.16,0
1614141110,109,11357,102.46,0
1614141111,109,11537,103.02,0
1614141112,109,11704,102.42,0
1614141113,109,11900,102.79,0
1614141114,109,12080,103.14,0
1614141115,109,12248,102.51,0
1614141116,109,12443,102.82,0
1614141117,109,12625,102.74,0
1614141118,109,12790,101.57,0
1614141119,109,12984,103.13,0
1614141120,109,13169,102.57,0
1614141121,109,13335,103.46,0
1614141122,109,13528,103.13,0
1614141123,109,13712,102.88,0
1614141124,109,13879,102.97,0
1614141125,109,14069,102.94,0
1614141126,109,14256,103.08,0
1614141127,109,14420,103.11,0
1614141128,109,14611,102.74,0
1614141129,109,14798,102.36,0
1614141130,109,14965,102.83,0
1614141131,109,15154,102.51,0
1614141132,109,15333,102.99,0
1614141133,163,15509,103.48,0
1614141134,163,15802,104.06,0
1614141135,163,16086,102.88,0
1614141136,163,16323,102.71,0
1614141137,163,16612,102.89,0
1614141138,163,16890,103.32,0
1614141139,163,17135,102.99,0
1614141140,163,17427,102.81,0
1614141141,163,17698,102.62,0
1614141142,163,17948,102.67,0
1614141143,163,18240,102.53,0
1614141144,163,18512,102.68,0
1614141145,163,18761,102.90,0
1614141146,163,19053,102.76,0
1614141147,163,19323,102.90,0
1614141148,163,19573,102.85,0
1614141149,163,19864,102.86,0
1614141150,163,20136,102.93,0
1614141151,163,20386,102.90,0
1614141152,163,20678,102.98,0
1614141153,163,20951,103.04,0
1614141154,163,21198,102.34,0
1614141155,163,21491,103.11,0
1614141156,163,21760,102.69,0
1614141157,163,22010,102.60,0
1614141158,163,22304,103.31,0
1614141159,163,22565,102.77,0
1614141160,163,22822,103.41,0
1614141162,163,23111,102.59,0
1614141163,163,23368,102.69,0
1614141164,244,23635,102.92,0
1614141165,244,24088,103.62,0
1614141166,244,24494,103.52,0
1614141167,244,24850,103.05,0
1614141168,244,25302,102.73,0
1614141169,244,25704,103.27,0
1614141170,244,26068,103.35,0
1614141171,244,26520,103.62,0
1614141172,244,26915,103.18,0
1614141173,244,27285,103.12,0
1614141174,244,27732,103.12,0
1614141175,244,28131,102.83,0
1614141176,244,28503,102.31,0
1614141177,244,28945,103.47,0
1614141178,244,29346,102.95,0
1614141179,244,29719,102.85,0
1614141180,244,30158,102.61,0
1614141181,244,30563,102.78,0
1614141182,244,30937,102.60,0
1614141183,244,31372,103.07,0
1614141184,244,31782,102.81,0
1614141185,244,32156,103.03,0
1614141186,244,32590,102.61,0
1614141187,244,32993,103.03,0
1614141188,244,33374,103.04,0
1614141189,244,33805,102.67,0
1614141190,244,34198,102.87,0
1614141191,244,34590,102.13,0
1614141192,244,35022,102.63,0
1614141193,244,35408,102.56,0
1614141194,366,35836,102.71,0
1614141195,366,36475,103.65,0
1614141196,366,37091,103.31,0
1614141197,366,37631,103.32,0
1614141198,366,38299,102.95,0
1614141199,366,38883,119.62,0
1614141200,366,39457,108.25,0
1614141201,366,40120,102.64,0
1614141202,366,40707,103.30,0
1614141203,366,41285,102.77,0
1614141204,366,41941,102.92,0
1614141205,366,42516,102.51,0
1614141206,366,43112,102.90,0
1614141207,366,43763,102.73,0
1614141208,366,44330,103.00,0
1614141209,366,44939,102.72,0
1614141210,366,45586,102.72,0
1614141211,366,46142,102.99,0
1614141212,366,46767,102.81,0
1614141213,366,47412,102.85,0
1614141214,366,47951,102.94,0
1614141215,366,48588,102.52,0
1614141216,366,49229,102.66,0
1614141217,366,49767,102.99,0
1614141218,366,50413,102.79,0
1614141219,366,51033,102.52,0
1614141220,366,51582,102.56,0
1614141221,366,52240,103.46,0
1614141222,366,52841,103.34,0
1614141223,366,53395,103.12,0
1614141224,549,54126,103.13,0
1614141225,549,55028,103.78,0
1614141226,549,55946,104.36,0
1614141227,549,56793,103.58,0
1614141228,549,57761,103.61,0
1614141229,549,58683,104.60,0
1614141230,549,59531,104.02,0
1614141231,549,60499,103.50,0
1614141232,549,61425,103.50,0
1614141233,549,62271,102.88,0
1614141234,549,63228,103.08,0
1614141235,549,64168,103.68,0
1614141236,549,65010,102.92,0
1614141237,549,65961,103.43,0
1614141238,549,66905,103.41,0
1614141239,549,67743,159.35,0
1614141240,549,68632,105.62,0
1614141241,549,69457,104.75,0
1614141242,549,70474,104.19,0
1614141243,549,71214,104.51,0
1614141244,549,72200,106.12,0
1614141245,549,73210,105.14,0
1614141246,549,73915,104.23,0
1614141247,549,74939,105.65,0
1614141248,549,75942,104.73,0
1614141249,549,76651,103.98,0
1614141250,549,77676,106.39,0
1614141251,549,78673,105.20,0
1614141252,549,79391,104.87,0
1614141253,549,80412,104.43,0
1614141254,823,81263,108.49,0
1614141255,823,82677,160.95,0
1614141256,823,83967,104.33,0
1614141257,823,85306,104.38,0
1614141258,823,86783,104.43,0
1614141259,823,88073,105.10,0
1614141260,823,89375,104.14,0
1614141261,823,90888,104.55,0
1614141262,823,92181,104.10,0
1614141263,823,93478,104.19,0
1614141264,823,94986,105.13,0
1614141265,823,96272,103.92,0
1614141266,823,97577,106.55,0
1614141267,823,99026,103.88,0
1614141268,823,100359,103.77,0
1614141269,823,101673,103.39,0
1614141270,823,103102,103.96,0
1614141271,823,104449,103.80,0
1614141272,823,105773,103.41,0
1614141273,823,107162,103.63,0
1614141274,823,108507,103.95,0
1614141275,823,109878,103.67,0
1614141276,823,111228,103.90,0
1614141277,823,112255,132.41,0
1614141278,823,113402,309.97,0
1614141279,823,114812,113.38,0
1614141280,823,116356,109.25,0
1614141281,823,117370,106.05,0
1614141282,823,118918,107.96,0
1614141283,823,120453,105.72,0
1614141284,1234,121631,108.73,0
1614141285,1234,123849,114.00,0
1614141286,1234,126098,109.57,0
1614141287,1234,127657,126.06,0
1614141288,1234,130010,114.90,0
1614141289,1234,131924,106.36,0
1614141290,1234,133783,105.60,0
1614141291,1234,136168,106.22,0
1614141292,1234,137981,105.65,0
1614141293,1234,139922,106.78,0
1614141294,1234,142309,106.78,0
1614141295,1234,144043,149.34,0
1614141296,1234,146091,105.78,0
1614141297,1234,148020,104.58,0
1614141298,1234,150145,105.19,0
1614141299,1234,152243,105.52,0
1614141300,1234,154173,104.27,0
1614141301,1234,156260,106.19,0
1614141302,1234,158219,105.18,0
1614141303,1234,159798,135.06,0
1614141304,1234,161410,320.84,0
1614141305,1234,163645,122.76,0
1614141306,1234,165933,115.43,0
1614141307,1234,167421,111.10,0
1614141308,1234,169798,112.27,0
1614141309,1234,171709,108.35,0
1614141310,1234,173582,108.31,0
1614141311,1234,175444,125.51,0
1614141312,1234,177559,164.38,0
1614141313,1234,179624,104.65,0
1614141314,1851,181815,115.23,0
1614141315,1851,184944,120.36,0
1614141316,1851,187853,120.84,0
1614141317,1851,190733,115.03,0
1614141318,1851,193374,214.19,0
1614141319,1851,196560,130.49,0
1614141320,1851,199354,109.01,0
1614141321,1851,202537,108.77,0
1614141322,1851,205499,107.86,0
1614141323,1851,208481,106.90,0
1614141324,1851,211311,140.80,0
1614141325,1851,213869,130.30,0
1614141326,1851,217326,167.84,0
1614141327,1851,219988,116.90,0
1614141328,1851,223090,114.68,0
1614141329,1851,226269,110.07,0
1614141330,1851,228998,148.50,0
1614141331,1851,231965,113.65,0
1614141332,1851,235067,106.44,0
1614141333,1851,238134,106.44,0
1614141334,1851,241179,108.09,0
1614141335,1851,244216,106.85,0
1614141336,1851,247175,109.86,0
1614141337,1851,250296,110.28,0
1614141338,1851,253367,106.96,0
1614141339,1851,256341,106.18,0
1614141340,1851,259409,107.61,0
1614141341,1851,262397,106.76,0
1614141342,1851,265531,109.05,0
1614141343,1851,268583,109.30,0
1614141344,2776,271322,111.76,0
1614141345,2776,276215,191.44,0
1614141346,2776,280277,144.55,0
1614141347,2776,284270,129.45,0
1614141348,2776,286229,414.71,0
1614141349,2776,291150,306.29,0
1614141350,2776,295302,130.28,0
1614141351,2776,299969,121.60,0
1614141352,2776,303949,138.72,0
1614141353,2776,307356,283.14,0
1614141354,2776,311748,204.12,0
1614141355,2776,316105,119.04,0
1614141356,2776,320752,117.80,0
1614141357,2776,324953,112.97,0
1614141358,2776,328859,219.17,0
1614141359,2776,332214,272.38,0
1614141360,2776,336644,183.08,0
1614141361,2776,341195,119.43,0
1614141362,2776,345608,114.18,0
1614141363,2776,349560,141.69,0
1614141364,2776,353646,207.53,0
1614141365,2776,357176,252.69,0
1614141366,2776,361991,151.24,0
1614141367,2776,366232,118.55,0
1614141368,2776,370945,122.13,0
1614141369,2776,374562,166.27,0
1614141370,2776,378614,206.56,0
1614141371,2776,382664,218.26,0
1614141372,2776,387178,122.68,0
1614141373,2776,391620,113.69,0
1614141374,4164,395897,125.03,0
1614141375,4164,399975,463.76,0
1614141376,4164,403458,601.38,0
1614141377,4164,408635,523.84,0
1614141378,4164,413923,234.86,0
1614141379,4164,419797,239.79,0
1614141380,4164,423438,358.60,0
1614141381,4164,427578,579.45,0
1614141382,4164,431615,571.25,0
1614141383,4164,437343,278.37,0
1614141384,4164,442866,242.40,0
1614141385,4164,448010,289.78,0
1614141386,4164,451480,543.06,0
1614141387,4164,455350,583.66,0
1614141388,4164,461122,327.46,0
1614141389,4164,466998,239.55,0
1614141390,4164,471480,278.92,0
1614141391,4164,475559,558.98,0
1614141392,4164,479133,601.81,0
1614141393,4164,484969,338.22,0
1614141394,4164,490439,255.73,0
1614141395,4164,495724,271.48,0
1614141396,4164,498516,525.82,0
1614141397,4164,503214,594.17,0
1614141398,4164,508501,397.12,0
1614141399,4164,514198,243.11,0
1614141400,4164,519586,239.97,0
1614141401,4164,523009,522.74,0
1614141402,4164,526701,638.47,0
1614141403,4164,532209,399.84,0
1614141404,6246,537023,293.10,0
1614141405,6246,542803,584.54,0
1614141406,6246,546162,771.80,0
1614141407,6246,550310,1085.37,0
1614141408,6246,554648,1120.56,0
1614141409,6246,560578,732.78,0
1614141410,6246,566129,664.30,0
1614141411,6246,569648,708.03,0
1614141412,6246,573715,1004.26,0
1614141413,6246,578242,1067.67,0
1614141414,6246,583721,757.86,0
1614141415,6246,589401,686.54,0
1614141416,6246,593473,580.92,0
1614141417,6246,597446,1051.82,0
1614141418,6246,601878,1095.80,0
1614141419,6246,607521,792.85,0
1614141420,6246,613396,625.39,0
1614141421,6246,617159,738.08,0
1614141422,6246,620873,1108.53,0
1614141423,6246,625343,1005.97,0
1614141424,6246,631262,706.45,0
1614141425,6246,636717,624.03,0
1614141426,6246,641292,706.35,0
1614141427,6246,644906,964.67,0
1614141428,6246,649405,1102.18,0
1614141429,6246,655452,722.79,0
1614141430,6246,660555,616.35,0
1614141431,6246,664873,680.51,0
1614141432,6246,668797,939.94,0
1614141433,6246,673240,1092.45,0
1614141434,9369,678376,868.52,0
1614141435,9369,684419,853.54,0
1614141436,9369,688834,1215.51,0
1614141437,9369,692933,1306.07,0
1614141438,9369,696994,1759.56,0
1614141439,9369,702346,1506.45,0
1614141440,9369,707631,1255.61,0
1614141441,9369,713096,1472.62,0
1614141442,9369,716684,1469.02,0
1614141443,9369,720616,1592.72,0
1614141444,9369,726052,1621.46,0
1614141445,9369,732004,1433.68,0
1614141446,9369,736862,1155.71,0
1614141447,9369,740898,1415.50,0
1614141448,9369,744581,1714.07,0
1614141449,9369,749881,1481.05,0
1614141450,9369,755186,1272.09,0
1614141451,9369,760041,1389.71,0
1614141452,9369,764177,1394.15,0
1614141453,9369,767766,1590.78,0
1614141454,9369,773153,1620.61,0
1614141455,9369,779219,1590.90,0
1614141456,9369,783970,1323.45,0
1614141457,9369,787958,1421.25,0
1614141458,9369,791524,1439.65,0
1614141459,9369,797178,1591.61,0
1614141460,9369,802706,1619.21,0
1614141461,9369,806971,1206.93,0
1614141462,9369,811301,1409.87,0
1614141463,9369,815018,1778.87,0
1614141464,14053,820464,1581.23,0
1614141465,14053,826609,1307.40,0
1614141466,14053,830820,1483.45,0
1614141467,14053,834447,1959.09,0
1614141468,14053,838130,2233.91,0
1614141469,14053,844497,2650.11,0
1614141470,14053,849631,1770.59,0
1614141471,14053,854255,1758.35,0
1614141472,14053,858354,2841.08,0
1614141473,14053,862406,2314.33,0
1614141474,14053,867013,2478.27,0
1614141475,14053,874217,2607.04,0
1614141476,14053,879019,1502.08,0
1614141477,14053,883156,1578.19,0
1614141478,14053,886780,2365.62,0
1614141479,14053,892343,2243.09,0
1614141480,14053,897880,2121.97,0
1614141481,14053,902410,2984.99,0
1614141482,14053,906834,1494.54,0
1614141483,14053,910633,1920.56,0
1614141484,14053,915127,2123.07,0
1614141485,14053,920890,3346.99,0
1614141486,14053,926518,2566.61,0
1614141487,14053,930153,4648.09,0
1614141488,14053,934356,2043.23,0
1614141489,14053,939184,2340.69,0
1614141490,14053,944596,1874.76,0
1614141491,14053,949374,1979.78,0
1614141492,14053,954416,1701.37,0
