# benchmark_updates -numRows=3000000 -updateSize=30000 -numUpdates=202 -pirType=Punc
     NumUpdates  UpdateServerTime[us]  UpdateClientTime[us]           UpdateBytes    ClientBytes  OnlineServerTime[us]  OnlineClientTime[us]    OnlineBytes
              0               8701316              11812585              20561399              0                   147                   348           1586
          30000                   316                105546                154506              0                   180                   433           4403
          60000                   352                421085                154521              0                   435                   632           5551
          90000                   424                256256                154536              0                   347                   460           6435
         120000                   250                 64370                154535              0                   403                   408           7177
         150000                   240                109545                154540              0                   578                   446           7831
         180000                   238                113451                154556              0                   599                   426           8423
         210000                294910                301502               1095656              0                   146                   315           2122
         240000                   224                450749                154544              0                   209                   485           4935
         270000                   259                694532                154568              0                   388                   401           6085
         300000                   227                 51559                154573              0                   355                   534           6963
         330000                   228                 49997                154583              0                   386                   461           7713
         360000                   258                 40644                154541              0                   503                   483           8363
         390000                   233                123560                154585              0                   776                   430           8957
         420000                603508                461131               1486113              0                   212                   504           2121
         450000                   341                611740                154550              0                   228                   392           4937
         480000                   221                 50250                154577              0                   331                   312           6081
         510000                   319                 49203                154590              0                   358                   365           6967
         540000                   338                 49910                154590              0                   421                   368           7713
         570000                   221                 49775                154580              0                   537                   394           8365
         600000                   233                103851                154581              0                   826                   612           8954
         630000                477125                285252               1095677              0                   158                   314           2659
         660000                   210                 51413                154588              0                   221                   326           5471
         690000                   192                 50984                154607              0                   291                   351           6613
         720000                   211                 50667                154619              0                   394                   368           7499
         750000                   234                133009                154598              0                   447                   371           8245
         780000                   228                497393                154597              0                   556                   652           8903
         810000                   231                960134                154575              0                   628                   448           9491
         840000               1229894                812418               2036820              0                   284                   306           2155
         870000                   217                 61839                154561              0                   203                   293           4968
         900000                   209                 61404                154554              0                   309                   349           6117
         930000                   233                 62477                154565              0                   376                   447           7002
         960000                   230                 73002                154555              0                  1091                   596           7742
         990000                   294                253052                154585              0                   552                   404           8399
        1020000                   230                 54193                154584              0                   828                   558           8991
        1050000                288544                263927               1095708              0                   166                   323           2693
        1080000                   209                 56502                154591              0                   233                   346           5507
        1110000                   201                 59199                154599              0                   541                   491           6650
        1140000                   334                 81668                154616              0                   372                   278           7528
        1170000                   207                 56587                154610              0                   509                   451           8279
        1200000                   231                 61642                154637              0                   551                 29355           8933
        1230000                   248                 57278                154610              0                   790                   503           9519
        1260000                594470                633477               1486133              0                   168                   386           2690
        1290000                   222                 61464                154592              0                   284                   309           5504
        1320000                   241                 59535                154619              0                   307                   399           6653
        1350000                   207                 62633                154618              0                   406                   260           7524
        1380000                   224                 81943                154607              0                   485                   436           8279
        1410000                   243                103680                154606              0                   769                   519           8933
        1440000                   274                 64856                154593              0                   641                   448           9521
        1470000                273439                235315               1095731              0                   204                   404           3225
        1500000                   229                 66038                154629              0                   271                   425           6035
        1530000                   222                 62275                154648              0                   336                   416           7183
        1560000                   226                140007                154651              0                   453                   482           8067
        1590000                   243                 71779                154649              0                   553                   440           8813
        1620000                   204                 84536                154659              0                   613                   714           9462
        1650000                   244                 85198                154633              0                   739                   357          10050
        1680000               2619093               2477534               2814742              0                   166                   340           2159
        1710000                   220                 69259                154567              0                   312                   427           4969
        1740000                   347                 90783                154581              0                   339                   498           6119
        1770000                   262                 70145                154569              0                   390                   310           6999
        1800000                   267                 76848                154574              0                   963                   671           7745
        1830000                   202                 82016                154586              0                   599                   516           8399
        1860000                   209                 73254                154567              0                   645                   483           8989
        1890000                287088                257264               1095685              0                   169                   275           2692
        1920000                   226                 74122                154598              0                   317                   466           5503
        1950000                   198                 95171                154613              0                   351                   346           6650
        1980000                   210                202841                154621              0                   418                   354           7532
        2010000                   199                 78714                154612              0                   524                   585           8275
        2040000                   274                 73672                154626              0                   524                   470           8933
        2070000                   260                 87052                154619              0                   628                   443           9526
        2100000                554018                423662               1486150              0                   199                   338           2692
        2130000                   192                 82762                154590              0                   274                   386           5506
        2160000                   212                177199                154612              0                   385                   335           6651
        2190000                   256                 88987                154603              0                   454                   460           7537
        2220000                   253                 72184                154590              0                   536                   481           8277
        2250000                   233                 78121                154609              0                   669                   394           8931
        2280000                   216                 75698                154605              0                   672                   475           9521
        2310000                289467                506812               1095741              0                   396                   291           3224
        2340000                   213                 71789                154625              0                   260                   322           6035
        2370000                   238                 82260                154642              0                   381                   410           7190
        2400000                   250                 89923                154638              0                   440                   406           8069
        2430000                   192                 74806                154659              0                   575                   724           8813
        2460000                   231                 88721                154640              0                   618                   518           9469
        2490000                   249                797317                154638              0                   948                   742          10053
        2520000               1221369                883088               2036857              0                   184                   284           2725
        2550000                   236                 78767                154589              0                   660                   497           5535
        2580000                   189                 76892                154592              0                   385                   330           6683
        2610000                   183                 79211                154617              0                   454                   421           7572
        2640000                   250                177573                154567              0                   837                   996           8313
        2670000                   334                541239                154605              0                   593                   437           8963
        2700000                   205                 78147                154615              0                   716                   369           9559
        2730000                298431                286889               1095729              0                   213                   346           3259
        2760000                   206                 79911                154618              0                   260                   464           6061
        2790000                   215                 81501                154627              0                   358                   335           7219
        2820000                   199                334676                154648              0                   547                   458           8099
        2850000                   236                 81417                154641              0                   540                   439           8841
        2880000                   216                 83908                154638              0                   659                   355           9495
        2910000                   225                 80191                154637              0                   724                   348          10088
        2940000                599492                430189               1486179              0                   339                   408           3260
        2970000                   330                125792                154606              0                   298                   358           6074
        3000000                   247                 81873                154646              0                   468                   368           7219
        3030000                   213                109888                154646              0                   476                   346           8103
        3060000                   226                 84598                154647              0                   616                   426           8843
        3090000                   217                 84505                154651              0                   654                   391           9503
        3120000                   211                 78702                154656              0                   710                   416          10092
        3150000                276118                263803               1095759              0                   257                   260           3788
        3180000                   245                 89312                154675              0                   330                   389           6603
        3210000                   214                 89678                154660              0                   416                   419           7754
        3240000                   417                852173                154661              0                   534                   375           8641
        3270000                   218                107132                154687              0                   599                   492           9381
        3300000                   240                 85026                154657              0                   739                   433          10033
        3330000                   295                102086                154700              0                   714                   470          10623
        3360000              16071353              16531203               6446348              0                   420                   556           1619
        3390000                   312                278401                154520              0                   273                   350           4435
        3420000                   235                108611                154521              0                   381                   409           5583
        3450000                   213                 89759                154534              0                   475                   391           6467
        3480000                   236                 88643                154554              0                   599                   410           7208
        3510000                   417                103181                154524              0                   720                   541           7863
        3540000                   254                 87732                154539              0                   730                   492           8455
        3570000                   213                 88223                154534              0                   721                   479           8999
        3600000                   220                 92803                154537              0                   858                   439           9505
        3630000                   274                 91522                154547              0                   927                   419           9979
        3660000                430143                641861               1280130              0                   281                   342           2157
        3690000                   239                 91916                154568              0                   301                   369           4968
        3720000                   222                 89894                154576              0                   420                   396           6117
        3750000                   242                 96749                154578              0                   522                   428           7001
        3780000                   215                100721                154556              0                   569                   436           7743
        3810000                   221                315733                154586              0                  2075                 33298           8399
        3840000                   231                 88926                154584              0                   679                   527           8989
        3870000                   232                 89447                154575              0                   758                   433           9535
        3900000                   236                 95523                154569              0                   847                   521          10034
        3930000                   239                 93836                154582              0                   903                   512          10511
        3960000                875338                634823               1744363              0                   228                   310           2189
        3990000                   228               1047445                154565              0                   456                   449           4999
        4020000                   241                 94125                154579              0                   389                   445           6149
        4050000                   201                 99164                154566              0                   472                   422           7035
        4080000                   235                107067                154558              0                   621                   457           7773
        4110000                   217                100209                154576              0                   651                   420           8431
        4140000                   245                256015                154559              0                   666                   369           9021
        4170000                   226                112278                154560              0                   803                   426           9563
        4200000                   248                 93454                154574              0                   837                   433          10073
        4230000                   230                101445                154590              0                   937                   499          10547
        4260000                384671                325110               1280147              0                   274                   435           2725
        4290000                   250                234000                154584              0                   368                  2101           5539
        4320000                   640                101347                154605              0                   411                   415           6679
        4350000                   216                103735                154616              0                   486                   434           7561
        4380000                   254                 96788                154600              0                   575                   433           8310
        4410000                   228                189620                154625              0                   676                   465           8963
        4440000                   207               1079635                154626              0                   674                   345           9557
        4470000                   270                 99326                154607              0                   789                   455          10097
        4500000                   222                128649                154598              0                   852                   501          10609
        4530000                   209                101900                154621              0                  1032                   341          11070
        4560000               1682218               1366146               2402843              0                   470                   358           2187
        4590000                   295                720666                154563              0                   316                   373           4999
        4620000                   235                104619                154562              0                   398                   416           6148
        4650000                   217                111940                154566              0                   527                   579           7033
        4680000                   231                128744                154589              0                   564                   450           7773
        4710000                   391                277970                154593              0                   664                   478           8429
        4740000                   220                106109                154593              0                   754                   499           9021
        4770000                   246                109871                154568              0                   798                   592           9568
        4800000                   224                108358                154569              0                   908                   462          10073
        4830000                   301                119775                154575              0                   941                   381          10545
        4860000                422861                667187               1280155              0                   378                   522           2727
        4890000                   352                414824                154589              0                   370                   385           5537
        4920000                   228                109469                154586              0                   454                   395           6685
        4950000                   233                103523                154609              0                   586                   312           7569
        4980000                   274                111062                154624              0                   700                   343           8310
        5010000                   225                206140                154601              0                   652                   472           8961
        5040000                   228               1154521                154618              0                   840                   475           9555
        5070000                   212                108732                154615              0                   826                   371          10102
        5100000                   214                111251                154650              0                   899                   476          10609
        5130000                   231                127207                154603              0                   973                   377          11075
        5160000                877322                652453               1744380              0                   275                   322           2759
        5190000                   227                251897                154583              0                   306                   301           5565
        5220000                   224                107283                154603              0                   443                   510           6717
        5250000                   224                117155                154618              0                   491                   326           7601
        5280000                   220                120793                154591              0                   663                   461           8345
        5310000                   216                133668                154617              0                   717                   450           8997
        5340000                   253                297189                154619              0                   834                   561           9589
        5370000                   229                109608                154601              0                   876                   500          10127
        5400000                   216                120025                154619              0                   924                   523          10640
        5430000                   262                119317                154624              0                  1000                   380          11117
        5460000                389313                349888               1280196              0                   283                   265           3299
        5490000                   224                280999                154644              0                   377                   428           6099
        5520000                   232                113050                154641              0                   406                   393           7248
        5550000                   243                117598                154653              0                   524                   312           8135
        5580000                   230                124853                154648              0                   729                   462           8873
        5610000                   256                118693                154637              0                   711                   508           9532
        5640000                   252                252522                154623              0                   776                   388          10125
        5670000                   251                114727                154662              0                   926                   464          10666
        5700000                   211                117574                154637              0                   967                   356          11164
        5730000                   218                116270                154641              0                   999                   555          11647
        5760000               3833629               4413704               3337064              0                   242                   342           2225
        5790000                   217                115206                154567              0                   341                   412           5033
        5820000                   236                123202                154561              0                   483                   454           6185
        5850000                   234                118055                154589              0                   495                   406           7069
        5880000                   230                120756                154575              0                   563                   352           7810
        5910000                   237                265732                154585              0                   650                   395           8465
        5940000                   232                113709                154584              0                   683                   408           9056
        5970000                   211                123210                154578              0                   850                   410           9600
        6000000                   224                128682                154578              0                   900                   441          10104
        6030000                   225                126165                154575              0                  1024                   459          10581
