# benchmark_initial -numRows=100000,200000,400000,800000,1600000,2000000,3000000,5000000 -updatable=false -pirType=Punc
   numRows OfflineServerTime[us] OfflineClientTime[us]   OfflineBytes    ClientBytes  OnlineServerTime[us]  OnlineClientTime[us]    OnlineBytes
    100000                461728                281997         919456              0                    41                   118           1366
    200000                833773                515455        1299781        3372160                    56                   130           1368
    400000               1813761               1107649        1838440        5268608                    75                   142           1400
    800000               7143938               2309550        2599124        8332416                   111                   194           1401
   1600000               7718997               4952891        3673505       13690016                   136                   205           1433
   2000000               8562760               6142918        4107950       16131232                   153                   210           1433
   3000000              13219038               9410740        5030465       21914784                   188                   253           1433
   5000000              24559621              19355020        6494180       32892064                   388                   459           1465
